16 16
................
................
................
..........O.....
...........#....
................
.O...#..........
..............I.
........O.......
................
..........I.....
I...............
........O......I
................
................
................
8
5 11 1 2 2 170 42 149 255
0

5 2 1 1 2 253 65 174 255
0

11 5 3 0 2 29 73 39 255
0

9 3 1 3 2 59 28 62 255
0

8 5 3 3 2 80 46 96 255
0

6 6 3 0 2 22 93 232 255
0

5 14 3 0 2 67 27 166 255
0

14 10 3 0 2 131 33 87 255
0

4
15 12 10 10 14 7 0 11 
4
8 8 1 6 10 3 8 12 
