32 32
................................
...................I............
.........I......................
............O...........O.I.....
...........#.......O............
..................I..I..........
.I...................#..........
................................
..............O.........I....O..
.O...........................I..
..........I....O................
................#....I....O.....
........I.......................
................................
.I..............O....O..........
................................
.....................O..........
................................
................................
..O...O....I....................
................................
...........I............I.......
O...O.........O.................
.O............................#.
................................
.......I........................
..........................#.....
...O...............I............
...........I.O.#................
.............I..................
......O.....................I...
................................
32
13 16 19 3 2 93 223 41 255
0

10 25 12 17 2 59 2 149 255
0

21 28 9 8 2 219 197 177 255
0

4 24 16 3 2 88 106 254 255
0

24 27 2 0 2 156 203 42 255
0

23 31 0 3 2 168 193 7 255
0

19 11 14 14 2 173 251 211 255
0

18 16 11 2 2 32 213 62 255
0

24 24 19 12 2 141 95 253 255
0

6 31 1 6 2 63 101 192 255
0

28 16 17 1 2 221 134 61 255
0

14 13 16 12 2 58 73 124 255
0

13 10 10 1 2 64 117 136 255
0

14 14 7 14 2 202 251 31 255
0

30 12 6 2 2 80 12 207 255
0

15 6 19 3 2 29 83 3 255
0

9 1 16 7 2 168 109 210 255
0

26 10 17 2 2 145 163 235 255
0

9 30 12 2 2 107 118 30 255
0

30 6 3 14 2 84 98 118 255
0

10 16 13 3 2 29 178 212 255
0

27 15 17 4 2 173 199 216 255
0

6 7 15 11 2 133 26 193 255
0

6 29 17 14 2 124 108 176 255
0

26 18 15 3 2 34 231 203 255
0

20 9 4 1 2 147 100 246 255
0

2 7 14 10 2 126 163 134 255
0

12 7 11 0 2 5 247 128 255
0

24 10 3 5 2 221 226 187 255
0

4 28 7 19 2 223 62 7 255
0

0 8 12 15 2 147 103 44 255
0

10 6 14 18 2 151 67 150 255
0

20
24 8 1 6 26 3 8 12 21 11 9 2 10 10 21 5 18 5 13 29 1 14 11 21 11 28 29 9 7 25 19 1 19 27 28 30 24 21 11 19 
20
16 14 0 22 6 19 4 22 29 8 21 14 19 4 3 27 6 30 26 11 24 3 1 23 15 10 2 19 1 9 12 3 14 8 21 16 14 22 13 28 
