16 16
.....O..........
...I............
.........I......
..O...O.O.IOO...
...O.......#....
..I..I..O..I....
OI..O#..........
.O............I.
........I....OO.
.O.....I.....I..
..........I....O
I..I.I....O.....
........I..I...I
.............I..
OI...OO.....O...
................
32
14 6 11 15 2 77 92 237 255
0

0 3 3 17 2 223 41 138 255
0

9 8 17 11 2 2 149 149 255
0

12 13 8 3 2 197 177 36 255
0

8 0 3 8 2 106 254 216 255
0

11 10 0 4 2 203 42 247 255
0

15 8 3 16 2 193 7 243 255
0

11 14 14 9 2 251 211 50 255
0

2 0 17 2 2 88 56 131 255
0

0 13 19 1 2 147 107 70 255
0

15 5 6 19 2 101 192 60 255
0

9 13 14 13 2 174 141 140 255
0

8 10 13 12 2 45 234 54 255
0

5 8 18 14 2 39 162 202 255
0

11 15 10 4 2 46 186 80 255
0

12 15 11 10 2 139 79 29 255
0

3 3 5 17 2 76 227 168 255
0

13 2 18 6 2 21 146 145 255
0

9 14 12 2 2 107 118 30 255
0

3 2 16 14 2 118 234 48 255
0

13 15 13 18 2 212 251 79 255
0

13 4 17 19 2 216 114 112 255
0

6 7 15 11 2 133 26 193 255
0

6 13 17 14 2 124 108 176 255
0

10 2 15 3 2 34 231 203 255
0

4 9 4 1 2 147 100 246 255
0

2 7 14 10 2 126 163 134 255
0

12 7 11 0 2 5 247 128 255
0

3 5 1 6 2 187 164 252 255
0

15 3 11 14 2 7 233 190 255
0

0 8 12 15 2 147 103 44 255
0

10 6 14 18 2 151 67 150 255
0

20
15 12 10 10 14 7 0 11 8 8 1 6 10 3 8 12 5 11 9 2 5 5 2 5 13 13 1 14 11 5 11 12 13 9 7 9 3 1 3 11 
20
12 14 8 5 11 3 0 14 0 6 6 3 4 6 13 8 5 14 3 4 6 14 10 11 8 3 1 7 15 10 2 3 1 9 12 3 14 8 5 0 
