64 64
......................O.......I................I.#..............
................................................................
................................................................
.................O...........................................O..
........O....#..................................................
....O................................................I..........
......I.........................................................
........................................................I.......
...........O.I....................................O.............
...........O...I#..................I..O............O............
................................................................
...............I..#...I....O...I...#............................
..............................OI................................
I.................................................I.............
......#................................I........................
................................................................
.................................I..........O...................
......O.O......#....................O...........................
.............................O..................................
..........I........O........O............................#....#.
...............................................................I
................................................................
.............I......O...........................................
.....................................................O.....O....
.....I..............................O...........................
................................................................
..........................................O.....................
..................................O.............................
........O............................................#..........
................................................................
O..O......................I..................................I..
..................I.....................O.......................
.................#..............................................
...........................................I....................
...............................................I........#.......
...................#............................................
................................................................
................................................................
...........................#................I...................
................................................................
.............................................I..................
................................................................
...............................I................................
.......O........................................................
................................................................
................................................................
...O..O.................................O...............I.......
...I.........................................O..................
...................................................O............
................................................................
........I..........I..........................O.................
......O....................O....................................
................................................................
.............O..................................................
................................................................
...................I...........I.......I....................#...
................................................I...............
...I......................................................I.....
................................................................
..........I..........................I..........O...............
............................................................#...
......O.........................................................
...........O.............................I......................
...........................................................I....
64
52 7 27 9 2 66 196 176 255
0

2 56 13 1 2 74 21 81 255
0

51 63 14 33 2 207 246 107 255
0

58 52 39 2 2 111 173 215 255
0

27 60 20 13 2 177 190 169 255
0

34 62 40 33 2 233 196 90 255
0

20 34 27 31 2 218 131 123 255
0

49 36 18 10 2 57 51 80 255
0

9 35 21 2 2 164 134 46 255
0

62 40 37 14 2 4 177 164 255
0

8 15 4 39 2 167 219 242 255
0

8 39 39 7 2 71 180 140 255
0

27 25 18 38 2 89 17 78 255
0

26 34 39 2 2 198 192 46 255
0

2 27 2 3 2 221 60 142 255
0

56 3 36 21 2 121 129 197 255
0

21 62 40 24 2 202 32 183 255
0

27 41 3 34 2 41 124 10 255
0

59 11 28 13 2 220 177 154 255
0

22 45 15 35 2 139 78 12 255
0

49 24 17 17 2 187 27 33 255
0

9 21 18 19 2 105 160 185 255
0

27 19 37 7 2 245 43 179 255
0

12 32 29 31 2 201 167 44 255
0

50 20 21 30 2 251 138 38 255
0

40 15 3 31 2 201 246 177 255
0

39 3 27 27 2 103 87 108 255
0

43 34 35 15 2 117 61 89 255
0

29 58 17 21 2 85 28 82 255
0

1 44 8 3 2 173 87 46 255
0

25 58 25 31 2 37 167 160 255
0

46 7 21 17 2 151 145 246 255
0

61 52 11 1 2 14 210 78 255
0

52 33 17 38 2 220 138 19 255
0

45 48 5 22 2 162 115 50 255
0

19 3 17 30 2 253 164 174 255
0

2 31 21 24 2 63 145 219 255
0

45 26 18 27 2 45 252 75 255
0

22 4 29 12 2 153 59 149 255
0

57 39 16 27 2 60 41 25 255
0

17 63 33 28 2 231 140 211 255
0

14 31 24 41 2 113 41 150 255
0

3 18 24 38 2 88 195 109 255
0

21 27 20 4 2 94 170 64 255
0

62 56 12 25 2 115 77 60 255
0

38 54 40 25 2 68 179 82 255
0

35 18 3 37 2 132 217 59 255
0

32 2 34 31 2 7 27 108 255
0

63 32 3 18 2 235 81 178 255
0

63 53 7 23 2 52 251 243 255
0

25 42 28 1 2 240 85 70 255
0

5 0 18 11 2 36 228 110 255
0

30 23 33 20 2 35 202 159 255
0

56 23 19 35 2 13 20 118 255
0

27 0 7 14 2 131 206 5 255
0

9 57 29 7 2 163 44 7 255
0

3 21 28 39 2 208 79 41 255
0

6 34 34 29 2 188 170 142 255
0

4 47 12 40 2 116 208 73 255
0

37 43 22 4 2 238 164 79 255
0

24 14 2 4 2 184 61 48 255
0

0 8 41 39 2 46 99 247 255
0

15 59 30 7 2 75 236 200 255
0

40 29 25 12 2 199 250 112 255
0

42
44 38 45 40 50 13 0 13 41 62 47 0 15 11 13 22 59 63 10 19 47 34 33 16 48 56 18 31 22 11 19 50 31 42 3 57 8 50 31 11 31 12 56 7 19 55 37 59 13 8 53 5 3 47 39 55 10 59 30 0 43 33 15 9 58 57 61 30 35 9 39 14 6 6 63 20 5 24 31 55 26 30 56 46 
42
46 50 11 8 40 46 27 11 3 46 34 27 36 24 3 30 42 26 0 30 6 51 45 47 13 53 36 17 11 9 59 23 27 51 51 9 53 23 50 8 6 61 51 48 6 17 61 3 6 46 17 3 8 28 40 31 20 22 29 18 8 17 38 9 48 59 8 4 22 0 11 62 28 19 44 16 7 43 19 19 30 12 4 5 
