32 32
................................
...................I............
.........I......................
............O...........O.I.....
...........#.......O............
..................I..I..........
.I...................#..........
................................
..............O.........I....O..
.O...........................I..
..........I....O................
................I....I....O.....
........I.......................
................................
.I..............O....O..........
................................
.....................O..........
................................
................................
..O...O....O....................
................................
...........I............O.......
O...O...........................
.O............................I.
................................
.......I........................
..........................#.....
...O...............I............
...........I...#................
.............I..................
......O.....................I...
................................
31
14 22 11 15 2 77 92 237 255
0

16 19 3 17 2 223 41 138 255
0

25 8 17 11 2 2 149 149 255
0

28 29 8 3 2 197 177 36 255
0

24 0 3 8 2 106 254 216 255
0

27 10 0 4 2 203 42 247 255
0

31 8 3 16 2 193 7 243 255
0

11 30 14 9 2 251 211 50 255
0

2 0 17 2 2 88 56 131 255
0

16 13 19 1 2 147 107 70 255
0

31 5 6 19 2 101 192 60 255
0

25 29 14 13 2 174 141 140 255
0

8 26 13 12 2 45 234 54 255
0

21 0 1 4 2 110 206 39 255
0

2 10 3 11 2 126 44 46 255
0

26 16 4 3 2 79 102 139 255
0

15 29 15 3 2 105 129 76 255
0

3 8 9 10 2 186 42 21 255
0

18 17 7 15 2 137 126 164 255
0

14 11 6 14 2 126 70 99 255
0

2 20 14 18 2 234 48 109 255
0

31 29 18 12 2 251 79 173 255
0

20 13 19 16 2 114 112 134 255
0

7 7 11 1 2 26 193 198 255
0

29 21 14 4 2 108 176 154 255
0

18 23 3 6 2 231 203 52 255
0

9 12 1 19 2 100 246 162 255
0

7 18 10 14 2 163 134 24 255
0

3 12 3 11 2 148 5 247 255
0

0 24 2 3 2 165 221 226 255
0

27 4 0 7 2 147 223 62 255
0

20
30 23 16 11 24 8 1 6 26 3 8 12 21 11 9 2 10 10 21 5 18 5 13 29 1 14 11 21 11 28 29 9 7 25 19 1 19 27 28 30 
20
24 21 11 19 16 14 0 22 6 19 4 22 29 8 21 14 19 4 3 27 6 30 26 11 24 3 1 23 15 10 2 19 1 9 12 3 14 8 21 16 
