24 24
........................
........................
........................
..O.....................
...#............O.......
........................
.....................#..
........................
........................
........................
........................
I.......................
.......................#
........................
........................
........................
................I.......
........................
.O................#.....
.....O..................
........................
........................
.................I......
..............I.........
8
2 18 1 1 2 82 5 205 255
0

5 1 2 3 2 21 43 156 255
0

21 17 3 1 2 147 97 179 255
0

11 12 2 0 2 21 203 179 255
0

0 22 0 2 2 6 51 36 255
0

6 13 0 1 2 78 211 100 255
0

19 11 2 2 2 122 43 152 255
0

19 9 3 3 2 42 98 51 255
0

4
14 23 0 11 16 16 17 22 
4
2 3 16 4 5 19 1 18 
