16 16
..OO.I..O...OI..
...I............
...O.....I....O.
O.I...I.I.IIIO..
.O.I.......#....
O.I..IO.I..I...O
II..I#.....O.OI.
.I........O...I.
........IOOO.IIO
.I.....I.....I..
..O.....OOI..OOI
I..I.IO.OOI.OO..
O....O..IO.I.IO#
.............I.O
II...II.O.O.IO..
..OO.......O.O.O
64
3 3 33 13 2 76 227 168 255
0

13 2 32 0 2 21 146 145 255
0

9 14 6 26 2 107 118 30 255
0

4 2 0 6 2 48 109 191 255
0

4 11 9 23 2 116 173 199 255
0

8 2 40 2 2 199 103 139 255
0

5 10 23 26 2 61 245 102 255
0

12 12 20 8 2 242 23 207 255
0

2 7 3 24 2 169 108 41 255
0

6 2 17 40 2 178 126 163 255
0

6 8 11 4 2 71 195 148 255
0

5 7 40 16 2 202 211 165 255
0

12 15 41 23 2 62 7 233 255
0

14 0 6 6 2 255 147 103 255
0

6 6 6 29 2 67 150 11 255
0

12 8 37 2 2 81 128 29 255
0

7 11 14 4 2 151 242 76 255
0

5 13 9 28 2 252 162 85 255
0

11 14 3 34 2 7 148 144 255
0

7 15 31 32 2 81 84 4 255
0

4 0 25 18 2 59 58 214 255
0

4 9 1 18 2 72 48 84 255
0

4 14 33 10 2 52 226 39 255
0

11 11 35 18 2 155 22 227 255
0

14 5 41 34 2 158 210 50 255
0

15 4 12 22 2 52 29 115 255
0

12 4 7 30 2 184 107 80 255
0

13 7 16 35 2 215 167 132 255
0

9 0 2 34 2 21 202 174 255
0

12 9 26 8 2 217 155 21 255
0

2 9 32 9 2 119 93 205 255
0

15 9 5 13 2 46 59 88 255
0

5 9 17 9 2 56 180 54 255
0

14 15 11 18 2 202 119 148 255
0

1 8 30 1 2 211 154 195 255
0

15 0 28 35 2 114 92 41 255
0

1 1 17 18 2 60 201 245 255
0

1 5 20 19 2 140 87 189 255
0

10 9 15 24 2 48 105 223 255
0

0 1 35 36 2 46 173 232 255
0

9 13 32 17 2 209 242 69 255
0

10 13 4 14 2 204 90 141 255
0

4 12 25 28 2 1 100 230 255
0

5 1 21 35 2 165 147 90 255
0

2 11 15 37 2 92 121 148 255
0

14 11 13 41 2 11 164 159 255
0

11 13 26 26 2 228 82 185 255
0

1 11 30 25 2 68 145 242 255
0

7 0 38 37 2 193 222 14 255
0

0 13 17 13 2 228 150 76 255
0

0 0 8 20 2 248 100 122 255
0

12 10 35 15 2 232 100 215 255
0

5 8 21 28 2 175 1 254 255
0

9 4 35 34 2 167 212 100 255
0

7 5 3 36 2 197 213 57 255
0

4 4 33 3 2 116 64 158 255
0

0 15 11 28 2 87 9 227 255
0

1 12 20 27 2 234 221 245 255
0

1 13 14 11 2 233 252 203 255
0

15 11 26 6 2 77 130 154 255
0

0 7 10 36 2 150 15 102 255
0

14 14 35 6 2 24 238 45 255
0

6 15 7 32 2 224 208 73 255
0

12 5 27 37 2 108 145 167 255
0

42
10 10 14 7 0 11 8 8 1 6 10 3 8 12 5 11 9 2 5 5 2 5 13 13 1 14 11 5 11 12 13 9 7 9 3 1 3 11 12 14 8 5 11 3 0 14 0 6 6 3 4 6 13 8 5 14 3 4 6 14 10 11 8 3 1 7 15 10 2 3 1 9 12 3 14 8 5 0 14 6 13 12 13 0 
42
3 15 13 15 9 10 9 8 9 11 5 12 1 4 8 0 15 8 10 14 8 11 10 8 12 11 10 7 11 8 14 2 13 11 3 2 0 3 2 0 3 0 13 3 11 6 15 5 2 15 12 0 13 6 13 14 8 10 9 12 13 10 6 5 0 5 8 14 2 10 11 15 14 12 14 10 0 12 15 15 6 11 15 13 
