64 64
................................................................
................................................................
................................................................
..........................................................#.....
................................................................
..................I..I..........................................
.#..............................................................
................................................................
................................................................
.............................I..................................
................................................................
................#....................................#..........
................................................................
................................................................
.....................O..........................................
................................................................
................................................................
................................................................
................................................................
................................................................
................................................................
...........................................I............O.......
................................O...O...........................
..............................................................#.
................................................................
.......................................I........................
................................................................
................................................................
...........................................I....................
................................................................
................................................................
................................................................
................................................................
...................I............................................
.........................................#......................
................................................................
...........#....................................................
................................................................
.....................................................#..........
................................................................
........................#....O..................................
................................................................
..........................................I.....................
................................................................
........................................#.......................
................................................................
.I..............O...............................................
................................................................
................................................................
................................................................
................................................................
......O....O....................................................
................................................................
................................................................
................................................................
................................................................
................................................................
................................................................
..........................................................#.....
...................................................O............
...............................................#................
.............I..................................................
............................O...................................
................................................................
16
19 36 3 9 2 166 126 122 255
0

43 24 7 3 2 87 239 42 255
0

34 51 9 7 2 140 227 110 255
0

8 53 0 0 2 86 163 219 255
0

13 28 1 6 2 243 175 93 255
0

31 41 6 5 2 8 89 59 255
0

2 21 7 0 2 221 204 219 255
0

5 49 8 8 2 128 239 88 255
0

42 62 0 9 2 42 72 156 255
0

11 42 3 7 2 8 187 168 255
0

1 7 5 7 2 254 194 173 255
0

59 19 8 2 2 115 2 32 255
0

21 62 8 0 2 131 144 141 255
0

31 61 1 7 2 70 255 165 255
0

50 63 3 8 2 60 80 237 255
0

57 29 4 3 2 174 141 140 255
0

10
42 42 21 5 18 5 13 61 1 46 43 21 43 28 29 9 39 25 19 33 
10
51 59 28 62 56 21 11 51 16 46 32 22 6 51 36 22 29 40 21 14 
