64 64
........................O............O..........................
................................................................
..............................................................O.
........................I.................................I.....
................................................................
..................I..I.....O....................................
.I.........................................O....................
.O..............................................................
.........................O................O...O................O
.I...........................I..................................
.........................................O......................
................I...........O........................I..........
.............................O..................................
................................................................
.....................I..........................................
................................................................
...O........................................................O...
................................................................
................................................................
.............................................................O..
................................................................
..O........................................I............I.......
................................I...I.........O.................
.................................I............................I.
...............................................O................
.......................................I........................
................................................................
...I...............................O............................
.............O.......O.....................I....................
................................................................
................................................................
.............O...............O..................................
..O.............................................................
...................I............................................
.........................................I......................
............I...................................................
...........I.......I.............................O..............
...............................................................O
.....................................................I..........
................................................................
........................I....I.............................O....
................................................................
..........................................I....I................
...................................................O......I.....
........................................I.......................
................................................................
.I..............I...............................................
...................................................O............
.............................................O.......O..........
................................................................
...................O............................................
......I....I....O.................I.............................
................................................................
................................................................
................................................................
..........................................O.....................
........................O.......................................
................................................................
..........................................................I.....
........................OO...................O.....I............
...............................................I................
.............I..................................................
.....................O......I.........I...O.....................
..................................................O.............
64
45 57 37 14 2 61 174 141 255
0

12 40 8 39 2 124 45 234 255
0

54 53 0 23 2 136 110 206 255
0

39 34 2 15 2 31 126 44 255
0

46 58 4 12 2 207 79 102 255
0

11 15 41 25 2 3 105 129 255
0

40 45 38 32 2 42 21 146 255
0

17 35 41 1 2 126 164 206 255
0

43 54 32 28 2 70 99 34 255
0

20 34 0 6 2 48 109 191 255
0

29 50 12 23 2 79 173 116 255
0

45 7 40 18 2 112 134 199 255
0

39 11 1 30 2 193 198 61 255
0

60 44 20 8 2 242 23 207 255
0

34 39 3 24 2 169 108 41 255
0

54 34 17 40 2 178 126 163 255
0

6 24 11 4 2 71 195 148 255
0

5 55 40 16 2 202 211 165 255
0

29 34 19 40 2 252 111 147 255
0

31 62 13 37 2 190 64 104 255
0

24 63 37 41 2 44 78 8 255
0

42 6 32 6 2 151 67 150 255
0

11 12 18 37 2 68 81 128 255
0

29 55 7 14 2 252 151 242 255
0

12 45 41 23 2 237 1 206 255
0

60 34 23 37 2 190 7 102 255
0

7 20 14 3 2 111 221 112 255
0

17 20 2 41 2 123 4 176 255
0

5 42 11 14 2 214 106 234 255
0

36 57 1 18 2 72 48 84 255
0

4 14 33 10 2 52 226 39 255
0

27 43 35 18 2 155 22 227 255
0

46 37 41 34 2 158 210 50 255
0

9 12 34 7 2 239 196 190 255
0

20 52 9 31 2 172 4 233 255
0

32 56 37 10 2 217 8 205 255
0

55 60 35 7 2 167 132 117 255
0

53 43 25 27 2 133 121 240 255
0

4 12 39 32 2 174 168 179 255
0

28 57 26 8 2 217 155 21 255
0

18 9 32 9 2 119 93 205 255
0

6 43 37 7 2 165 181 46 255
0

59 24 24 3 2 112 37 181 255
0

41 15 9 36 2 180 54 126 255
0

47 47 18 14 2 119 148 65 255
0

24 42 1 13 2 154 195 255 255
0

16 62 35 8 2 92 41 20 255
0

16 17 27 17 2 132 60 201 255
0

40 19 15 34 2 160 113 5 255
0

34 47 30 7 2 189 170 57 255
0

55 44 24 17 2 223 80 241 255
0

31 18 16 41 2 232 3 131 255
0

62 6 18 37 2 153 109 24 255
0

21 17 2 19 2 90 93 64 255
0

8 12 2 35 2 79 45 148 255
0

12 15 28 1 2 100 230 139 255
0

14 34 41 11 2 30 234 55 255
0

50 16 20 12 2 117 129 53 255
0

19 26 15 21 2 236 124 146 255
0

43 1 37 36 2 121 148 159 255
0

24 14 33 13 2 235 11 164 255
0

31 11 13 26 2 16 228 82 255
0

57 33 17 30 2 153 68 145 255
0

50 39 18 38 2 77 193 222 255
0

42
53 38 11 36 47 60 58 58 62 23 16 11 24 40 1 6 58 3 40 44 53 11 41 34 42 42 21 5 18 5 13 61 1 46 43 21 43 28 29 9 39 25 19 33 51 59 28 62 56 21 11 51 16 46 32 22 6 51 36 22 29 40 21 14 19 36 3 27 38 62 58 43 24 3 33 23 47 42 34 51 1 9 12 35 
42
46 8 53 48 46 22 35 27 13 28 45 48 51 47 29 31 41 10 25 8 25 59 2 21 21 28 29 12 27 5 49 36 24 0 47 24 42 62 24 59 42 8 28 11 42 55 63 8 59 40 1 7 51 43 62 2 45 59 19 50 16 51 2 32 21 62 24 56 3 16 13 31 61 19 43 6 63 37 50 63 37 0 60 16 
