32 32
................................
...................I............
.........I......................
............O...........O.I.....
...........#.......O............
..................I..I..........
.I...................#..........
................................
........................I....O..
.O...........................I..
..........I....O................
................I....I....O.....
........I.......................
................................
.I..............O....O..........
................................
................................
................................
................................
..O...O....O....................
................................
...........I............O.......
O...O...........................
.O............................I.
................................
.......I........................
..........................I.....
...O...............O............
...........I...I................
.............I..................
......O.....................O...
................................
32
14 8 9 0 2 110 86 163 255
0

27 13 12 1 2 48 243 175 255
0

29 31 13 6 2 153 8 89 255
0

27 2 5 17 2 28 221 204 255
0

27 5 9 8 2 152 128 239 255
0

24 10 14 0 2 187 42 72 255
0

28 11 2 3 2 191 8 187 255
0

8 1 3 15 2 171 254 194 255
0

13 27 15 18 2 208 115 2 255
0

0 21 2 8 2 56 131 144 255
0

13 31 1 11 2 107 70 255 255
0

5 18 19 13 2 192 60 80 255
0

13 25 1 14 2 61 174 141 255
0

12 8 2 13 2 124 45 234 255
0

22 21 4 1 2 136 110 206 255
0

7 2 18 3 2 31 126 44 255
0

14 26 0 4 2 207 79 102 255
0

11 15 9 15 2 3 105 129 255
0

8 13 10 18 2 42 21 146 255
0

17 3 15 5 2 126 164 206 255
0

11 22 14 10 2 70 99 34 255
0

20 2 18 6 2 48 109 191 255
0

29 18 12 19 2 79 173 116 255
0

13 7 16 2 2 112 134 199 255
0

7 11 1 6 2 193 198 61 255
0

28 12 0 2 2 242 23 207 255
0

2 7 11 4 2 169 108 41 255
0

22 2 7 14 2 178 126 163 255
0

6 24 19 4 2 71 195 148 255
0

5 23 8 4 2 202 211 165 255
0

29 2 15 0 2 252 111 147 255
0

31 30 15 5 2 190 64 104 255
0

20
15 28 26 26 30 23 16 11 24 8 1 6 26 3 8 12 21 11 9 2 10 10 21 5 18 5 13 29 1 14 11 21 11 28 29 9 7 25 19 1 
20
19 27 28 30 24 21 11 19 16 14 0 22 6 19 4 22 29 8 21 14 19 4 3 27 6 30 26 11 24 3 1 23 15 10 2 19 1 9 12 3 
