32 32
................................
................................
................................
................................
...........I....................
................................
.O...................I..........
................................
........................O.......
................................
................................
................O...............
................................
................................
................................
................................
................................
................................
................................
................................
................................
................................
................................
..............................O.
................................
................................
..........................I.....
................................
...............I................
................................
................................
................................
7
26 3 0 0 2 53 203 169 255
0

2 10 2 1 2 197 82 5 255
0

13 29 1 2 2 171 21 43 255
0

28 29 1 3 2 25 147 97 255
0

19 27 0 2 2 248 21 203 255
0

19 16 2 0 2 150 6 51 255
0

4 22 1 0 2 21 78 211 255
0

4
21 6 11 4 15 28 26 26 
4
30 23 16 11 24 8 1 6 
