32 32
................................
...................O............
.........I......................
........................O.I.....
...........I.......O............
..................I..I..........
.I...................I..........
................................
........................I....O..
.............................I..
..........I....O................
................I....I....O.....
........I.......................
................................
.I..............O....O..........
................................
................................
................................
................................
..O...O....O....................
................................
...........I............O.......
O...O...........................
.O............................I.
................................
.......O........................
..........................I.....
...O...............O............
...........I...I................
.............I..................
......O.....................O...
................................
32
1 9 16 7 2 110 200 181 255
0

22 3 15 9 2 92 237 48 255
0

19 15 17 11 2 41 138 153 255
0

8 25 11 2 2 149 149 28 255
0

29 12 3 17 2 177 36 152 255
0

0 15 8 10 2 254 216 187 255
0

10 8 4 11 2 42 247 191 255
0

8 27 16 5 2 7 243 171 255
0

30 2 9 3 2 211 50 208 255
0

19 2 12 17 2 62 88 56 255
0

3 16 9 19 2 253 147 107 255
0

6 31 1 6 2 63 101 192 255
0

28 16 17 1 2 221 134 61 255
0

14 13 16 12 2 58 73 124 255
0

13 10 10 1 2 64 117 136 255
0

14 14 7 14 2 202 251 31 255
0

30 12 6 2 2 80 12 207 255
0

15 6 19 3 2 29 83 3 255
0

9 1 16 7 2 168 109 210 255
0

26 10 17 2 2 145 163 235 255
0

9 30 12 2 2 107 118 30 255
0

30 6 3 14 2 84 98 118 255
0

10 16 13 3 2 29 178 212 255
0

27 15 17 4 2 173 199 216 255
0

18 16 10 11 2 103 139 133 255
0

26 1 18 17 2 245 102 124 255
0

12 16 2 6 2 23 207 34 255
0

7 11 4 5 2 108 41 147 255
0

2 7 14 10 2 126 163 134 255
0

12 7 11 0 2 5 247 128 255
0

24 10 3 5 2 221 226 187 255
0

4 28 7 19 2 223 62 7 255
0

20
21 6 11 4 15 28 26 26 30 23 16 11 24 8 1 6 26 3 8 12 21 11 9 2 10 10 21 5 18 5 13 29 1 14 11 21 11 28 29 9 
20
7 25 19 1 19 27 28 30 24 21 11 19 16 14 0 22 6 19 4 22 29 8 21 14 19 4 3 27 6 30 26 11 24 3 1 23 15 10 2 19 
