24 24
......I........OOI..O...
...................I...I
O.O........O...I........
..I..................O..
...#.O...O....O.I.......
O.I..........I........O.
............II......I#..
...O..............O.....
O..O.I.....O.O.O........
........................
.I......................
#...O.I...II.....O.IIO..
.....O...O...I.........#
..................O..I.O
I..O......O..O.......OI.
.........I.I..O......O..
..O..........I..I.O.....
.I...................I..
.II...........O...#..OO.
.....I..I..O......I.....
...........I............
...I....I..........O....
II......O.....I..I......
.O...I....O...#.........
64
16 12 35 19 2 102 139 79 255
0

11 9 13 0 2 227 168 109 255
0

2 9 17 41 2 137 126 164 255
0

14 19 30 32 2 126 70 99 255
0

2 12 22 0 2 234 48 109 255
0

7 21 28 12 2 251 79 173 255
0

12 21 7 40 2 114 112 134 255
0

23 23 21 1 2 26 193 198 255
0

21 21 26 14 2 108 176 154 255
0

18 15 41 28 2 231 203 52 255
0

17 12 39 33 2 100 246 162 255
0

23 10 10 26 2 163 134 24 255
0

11 4 5 25 2 148 5 247 255
0

2 19 9 37 2 226 187 164 255
0

20 7 41 23 2 62 7 233 255
0

14 16 6 6 2 255 147 103 255
0

4 6 34 12 2 198 22 42 255
0

23 11 0 23 2 12 216 55 255
0

20 1 18 27 2 55 203 90 255
0

4 23 0 8 2 45 43 5 255
0

5 9 28 6 2 162 85 187 255
0

6 15 34 29 2 148 144 231 255
0

15 13 32 21 2 84 4 185 255
0

16 13 18 11 2 58 214 106 255
0

18 20 11 1 2 54 72 48 255
0

12 20 26 33 2 92 52 226 255
0

15 19 41 35 2 98 155 22 255
0

3 22 31 41 2 134 158 210 255
0

10 9 30 34 2 5 239 196 255
0

6 4 26 9 2 115 172 4 255
0

1 0 22 37 2 80 217 8 255
0

4 17 7 39 2 132 117 181 255
0

21 5 31 32 2 4 12 21 255
0

2 14 38 19 2 220 249 134 255
0

20 9 41 29 2 82 201 76 255
0

3 23 29 41 2 198 235 127 255
0

1 5 13 38 2 59 88 36 255
0

9 8 21 33 2 41 207 141 255
0

0 20 40 12 2 47 175 230 255
0

2 7 10 35 2 216 42 37 255
0

19 18 5 17 2 144 190 131 255
0

2 4 17 16 2 144 209 161 255
0

12 1 1 18 2 232 83 235 255
0

4 8 39 39 2 98 111 140 255
0

15 12 24 17 2 223 80 241 255
0

23 18 16 41 2 232 3 131 255
0

6 22 18 37 2 153 109 24 255
0

5 1 2 19 2 90 93 64 255
0

8 20 2 35 2 79 45 148 255
0

4 7 28 1 2 100 230 139 255
0

6 18 41 11 2 30 234 55 255
0

2 0 20 12 2 117 129 53 255
0

3 18 15 21 2 236 124 146 255
0

3 9 37 36 2 121 148 159 255
0

0 6 33 13 2 235 11 164 255
0

18 1 29 17 2 106 153 68 255
0

1 2 23 18 2 138 77 193 255
0

6 14 6 12 2 120 48 32 255
0

21 23 13 6 2 150 76 183 255
0

8 10 41 41 2 20 128 160 255
0

8 2 2 36 2 122 88 211 255
0

0 13 34 4 2 221 109 232 255
0

12 15 17 30 2 155 18 175 255
0

1 20 35 34 2 167 212 100 255
0

42
16 16 17 22 2 3 16 4 5 19 1 18 2 18 21 13 2 5 13 5 1 22 3 21 21 17 23 1 19 1 11 11 12 6 8 21 19 11 0 22 0 14 6 11 20 6 13 16 13 6 11 20 14 22 18 19 8 19 9 15 15 2 10 11 1 17 20 11 6 0 5 8 22 14 13 12 11 15 5 23 1 10 17 0 
42
17 11 18 13 5 4 19 21 9 4 16 0 15 8 10 14 2 16 4 11 10 23 15 0 3 8 1 23 11 19 22 18 21 3 11 2 18 16 21 14 0 8 11 8 21 15 21 11 3 14 23 13 18 7 13 8 20 0 13 14 5 12 0 2 9 12 21 18 22 5 0 5 8 22 14 15 2 2 3 7 14 4 14 18 
