32 32
................................
................................
.........O......................
..........................I.....
...........#....................
.....................O..........
.I...................#..........
................................
........................I.......
................................
..........O.....................
................#....O..........
........I.......................
................................
................................
................................
................................
................................
................................
................................
................................
................................
................................
..............................#.
................................
................................
..........................#.....
................................
...............#................
................................
................................
................................
7
18 5 1 1 2 65 174 171 255
0

28 29 1 3 2 25 147 97 255
0

19 27 0 2 2 248 21 203 255
0

19 16 2 0 2 150 6 51 255
0

4 22 1 0 2 21 78 211 255
0

4 3 3 2 2 126 122 43 255
0

24 3 1 3 2 239 42 98 255
0

4
24 8 1 6 26 3 8 12 
4
21 11 9 2 10 10 21 5 
