24 24
........................
...................O...O
........................
..I.....................
...I............I.......
..O..........O..........
.....................#..
........................
........................
........................
........................
I.......................
.......................I
.....................O..
........................
........................
................I.......
.....................O..
.OO...............I.....
.....I..................
........................
...O....................
.O...............I......
..............I.........
16
11 11 6 0 2 248 21 203 255
0

11 0 8 2 2 150 6 51 255
0

20 6 5 2 2 21 78 211 255
0

20 19 9 8 2 126 122 43 255
0

8 19 3 1 2 239 42 98 255
0

11 1 7 6 2 227 110 200 255
0

5 8 0 8 2 163 219 77 255
0

12 13 6 9 2 175 93 223 255
0

1 10 5 2 2 89 59 2 255
0

13 13 0 9 2 204 219 197 255
0

9 4 8 6 2 239 88 106 255
0

14 0 9 2 2 72 156 203 255
0

10 23 7 0 2 187 168 193 255
0

23 11 7 4 2 194 173 251 255
0

11 2 2 1 2 2 32 213 255
0

8 11 2 9 2 95 253 147 255
0

10
3 4 23 12 18 18 14 23 0 11 16 16 17 22 2 3 16 4 5 19 
10
1 18 2 18 21 13 2 5 13 5 1 22 3 21 21 17 23 1 19 1 
