32 32
................................
...................O............
.........I......................
..........................I.....
...........#....................
..................I..I..........
.#...................#..........
................................
........................#.......
.............................O..
..........I.....................
................#....I..........
........I.......................
................................
.I..............O...............
................................
................................
................................
................................
...........O....................
................................
...........I............O.......
O...............................
..............................#.
................................
.......O........................
..........................#.....
...................O............
...........O...#................
.............I..................
............................O...
................................
15
6 19 6 6 2 93 232 21 255
0

14 19 6 3 2 27 166 126 255
0

26 11 0 7 2 33 87 239 255
0

10 2 3 9 2 201 140 227 255
0

14 8 9 0 2 110 86 163 255
0

27 13 2 1 2 48 243 175 255
0

29 31 3 6 2 153 8 89 255
0

27 2 5 7 2 28 221 204 255
0

27 5 9 8 2 152 128 239 255
0

24 10 4 0 2 187 42 72 255
0

28 11 2 3 2 191 8 187 255
0

8 1 3 5 2 171 254 194 255
0

13 27 5 8 2 208 115 2 255
0

0 21 2 8 2 56 131 144 255
0

13 31 1 1 2 107 70 255 255
0

10
26 3 8 12 21 11 9 2 10 10 21 5 18 5 13 29 1 14 11 21 
10
11 28 29 9 7 25 19 1 19 27 28 30 24 21 11 19 16 14 0 22 
