16 16
..OO.I..O...OO..
...I............
...O.....I....O.
O.I...I.I.IIIO..
.O.I.......I....
O.I..IO.I..I...O
II..II.....O.OO.
.I........O...I.
........IOOO.IIO
.I.....I.....I..
..O.....OOI..OOI
I..I.I..OOI.OO..
O....O..IO.I.OOI
.............I..
II...II.O.O.IO..
..OO.......O.O..
63
15 15 34 13 2 79 29 83 255
0

3 9 13 0 2 227 168 109 255
0

10 5 8 33 2 163 235 137 255
0

14 4 26 19 2 118 30 126 255
0

2 4 22 0 2 234 48 109 255
0

15 13 28 12 2 251 79 173 255
0

4 13 7 40 2 114 112 134 255
0

7 7 21 1 2 26 193 198 255
0

13 5 26 14 2 108 176 154 255
0

2 7 41 28 2 231 203 52 255
0

9 3 16 34 2 162 39 242 255
0

2 14 21 4 2 24 35 108 255
0

7 3 0 13 2 247 128 56 255
0

5 13 34 19 2 164 252 111 255
0

9 14 34 6 2 216 255 147 255
0

7 12 6 34 2 42 198 22 255
0

3 6 23 24 2 216 55 68 255
0

1 0 27 17 2 203 90 252 255
0

7 2 8 15 2 43 5 237 255
0

12 2 23 37 2 190 7 102 255
0

7 4 14 3 2 111 221 112 255
0

4 9 33 28 2 176 197 106 255
0

11 10 20 22 2 234 100 249 255
0

4 4 26 33 2 92 52 226 255
0

7 11 41 35 2 98 155 22 255
0

3 14 31 41 2 134 158 210 255
0

2 9 30 34 2 5 239 196 255
0

3 12 40 7 2 160 184 107 255
0

0 9 6 27 2 119 188 145 255
0

4 5 39 29 2 219 133 133 255
0

9 0 2 34 2 21 202 174 255
0

12 9 26 8 2 217 155 21 255
0

7 13 41 2 2 235 127 41 255
0

14 11 8 24 2 137 112 37 255
0

5 9 17 9 2 56 180 54 255
0

14 15 11 18 2 202 119 148 255
0

1 8 30 1 2 211 154 195 255
0

15 0 28 35 2 114 92 41 255
0

4 0 41 27 2 109 132 60 255
0

9 5 18 34 2 83 235 204 255
0

0 1 39 20 2 111 140 87 255
0

9 7 24 24 2 105 223 80 255
0

1 15 36 16 2 173 232 3 255
0

6 2 37 9 2 109 24 213 255
0

1 2 19 12 2 93 64 200 255
0

12 10 35 7 2 45 148 12 255
0

6 11 12 6 2 63 205 30 255
0

4 14 21 13 2 53 127 165 255
0

3 10 15 21 2 236 124 146 255
0

11 1 37 36 2 121 148 159 255
0

11 7 41 1 2 164 159 75 255
0

0 4 24 1 2 33 251 106 255
0

9 4 37 32 2 103 240 138 255
0

13 1 12 32 2 20 178 120 255
0

0 0 39 17 2 205 228 150 255
0

12 7 20 16 2 105 19 20 255
0

0 2 2 36 2 122 88 211 255
0

0 13 34 4 2 221 109 232 255
0

4 7 17 30 2 155 18 175 255
0

4 15 40 7 2 5 55 36 255
0

0 15 11 28 2 87 9 227 255
0

13 7 5 20 2 50 237 234 255
0

7 15 7 29 2 81 221 162 255
0

42
5 6 11 4 15 12 10 10 14 7 0 11 8 8 1 6 10 3 8 12 5 11 9 2 5 5 2 5 13 13 1 14 11 5 11 12 13 9 7 9 3 1 3 11 12 14 8 5 11 3 0 14 0 6 6 3 4 6 13 8 5 14 3 4 6 14 10 11 8 3 1 7 15 10 2 3 1 9 12 3 14 8 5 0 
42
14 6 13 12 13 0 3 15 13 15 9 10 9 8 9 11 5 12 1 4 8 0 15 8 10 14 8 11 10 8 12 11 10 7 11 8 14 2 13 11 3 2 0 3 2 0 3 0 13 3 11 6 15 5 2 15 12 0 13 6 13 14 8 10 9 12 13 10 6 5 0 5 8 14 2 10 11 15 14 12 14 10 0 12 
