64 64
................................................................
................................................................
................................................................
..........................................................I.....
................................................................
..................O..O..........................................
.I..............................................................
................................................................
................................................................
.............................O..................................
................................................................
................I....................................O..........
................................................................
................................................................
................................................................
................................................................
................................................................
................................................................
................................................................
................................................................
................................................................
...........................................O....................
................................................................
..............................................................I.
................................................................
................................................................
................................................................
................................................................
...........................................O....................
................................................................
................................................................
................................................................
................................................................
................................................................
.........................................O......................
................................................................
...........I....................................................
................................................................
.....................................................I..........
................................................................
........................I.......................................
................................................................
..........................................O.....................
................................................................
........................................I.......................
................................................................
.O..............................................................
................................................................
................................................................
................................................................
................................................................
................................................................
................................................................
................................................................
................................................................
................................................................
................................................................
................................................................
..........................................................I.....
................................................................
...............................................I................
.............O..................................................
................................................................
................................................................
16
39 25 1 7 2 179 59 28 255
0

62 56 1 5 2 179 80 46 255
0

32 22 4 1 2 36 22 93 255
0

40 21 2 7 2 100 67 27 255
0

38 62 8 9 2 152 131 33 255
0

23 47 2 0 2 51 193 201 255
0

12 35 0 6 2 181 48 110 255
0

22 35 5 9 2 92 237 48 255
0

51 47 7 1 2 41 138 153 255
0

8 25 1 2 2 149 149 28 255
0

29 12 3 7 2 177 36 152 255
0

0 47 8 0 2 254 216 187 255
0

42 8 4 1 2 42 247 191 255
0

8 59 6 5 2 7 243 171 255
0

62 2 9 3 2 211 50 208 255
0

51 2 2 7 2 62 88 56 255
0

10
53 38 11 36 47 60 58 58 62 23 16 11 24 40 1 6 58 3 40 44 
10
53 11 41 34 42 42 21 5 18 5 13 61 1 46 43 21 43 28 29 9 
