16 16
................
...O............
.........I......
..O...O.O.IOO...
...O.......I....
..I..I..O..I....
OI..OI..........
.O............I.
........I....O..
.O.....I.....I..
..........I....O
I..O.I....O.....
........I..I...I
.............I..
OI...OO.....O...
................
32
14 8 9 0 2 110 86 163 255
0

11 13 12 1 2 48 243 175 255
0

13 15 13 6 2 153 8 89 255
0

11 2 5 17 2 28 221 204 255
0

1 4 8 16 2 239 88 106 255
0

11 10 0 4 2 203 42 247 255
0

15 8 3 16 2 193 7 243 255
0

11 14 14 9 2 251 211 50 255
0

0 3 2 12 2 213 62 88 255
0

0 13 19 1 2 147 107 70 255
0

15 5 6 19 2 101 192 60 255
0

9 13 14 13 2 174 141 140 255
0

8 10 13 12 2 45 234 54 255
0

5 0 1 4 2 110 206 39 255
0

2 10 3 11 2 126 44 46 255
0

10 0 4 3 2 79 102 139 255
0

15 13 15 3 2 105 129 76 255
0

3 8 9 10 2 186 42 21 255
0

2 1 7 15 2 137 126 164 255
0

14 11 6 14 2 126 70 99 255
0

2 4 14 18 2 234 48 109 255
0

11 15 17 4 2 173 199 216 255
0

2 0 10 11 2 103 139 133 255
0

10 1 18 17 2 245 102 124 255
0

12 0 2 6 2 23 207 34 255
0

7 11 4 5 2 108 41 147 255
0

2 7 14 10 2 126 163 134 255
0

12 7 11 0 2 5 247 128 255
0

3 5 1 6 2 187 164 252 255
0

15 3 11 14 2 7 233 190 255
0

0 8 12 15 2 147 103 44 255
0

10 6 14 18 2 151 67 150 255
0

20
5 6 11 4 15 12 10 10 14 7 0 11 8 8 1 6 10 3 8 12 5 11 9 2 5 5 2 5 13 13 1 14 11 5 11 12 13 9 7 9 
20
3 1 3 11 12 14 8 5 11 3 0 14 0 6 6 3 4 6 13 8 5 14 3 4 6 14 10 11 8 3 1 7 15 10 2 3 1 9 12 3 
