64 64
................................................................
................................................................
................................................................
..........................................................#.....
................................................................
..................#..#..........................................
.#..............................................................
................................................................
................................................................
.............................I..................................
................................................................
................#....................................#..........
................................................................
................................................................
.....................O..........................................
................................................................
................................................................
................................................................
................................................................
................................................................
................................................................
...........................................I............I.......
................................O...O...........................
..............................................................#.
................................................................
.......................................I........................
................................................................
...O............................................................
...........................................I....................
................................................................
................................................................
................................................................
................................................................
...................I............................................
.........................................#......................
................................................................
...........#.......O............................................
................................................................
.....................................................#..........
................................................................
........................#....O..................................
................................................................
..........................................#.....................
..........................................................O.....
........................................#.......................
................................................................
.I..............O...............................................
................................................................
................................................................
................................................................
................................................................
......O....I....................................................
................................................................
................................................................
................................................................
................................................................
................................................................
................................................................
..........................................................#.....
...................................................I............
...............................................#................
.............#..................................................
............................I.........O.........................
................................................................
16
24 3 3 1 2 239 42 98 255
0

51 1 7 6 2 227 110 200 255
0

53 48 0 8 2 163 219 77 255
0

28 45 6 9 2 175 93 223 255
0

41 10 5 2 2 89 59 2 255
0

21 21 0 9 2 204 219 197 255
0

49 36 8 6 2 239 88 106 255
0

62 24 9 2 2 72 156 203 255
0

42 55 7 0 2 187 168 193 255
0

7 51 7 4 2 194 173 251 255
0

19 50 2 1 2 2 32 213 255
0

56 3 2 9 2 95 253 147 255
0

43 6 9 1 2 50 63 101 255
0

0 60 2 7 2 57 221 134 255
0

61 46 9 6 2 40 58 73 255
0

60 45 8 0 2 245 64 117 255
0

10
1 46 43 21 43 28 29 9 39 25 19 33 51 59 28 62 56 21 11 51 
10
16 46 32 22 6 51 36 22 29 40 21 14 19 36 3 27 38 62 58 43 
