16 16
................
................
................
................
...........I....
................
.O...I..........
..............O.
........O.......
................
..........I.....
O...............
...............I
................
................
................
8
10 3 0 0 2 53 203 169 255
0

2 10 2 1 2 197 82 5 255
0

13 13 1 2 2 171 21 43 255
0

12 13 1 3 2 25 147 97 255
0

3 11 0 2 2 248 21 203 255
0

3 0 2 0 2 150 6 51 255
0

4 6 1 0 2 21 78 211 255
0

4 3 3 2 2 126 122 43 255
0

4
5 6 11 4 15 12 10 10 
4
14 7 0 11 8 8 1 6 
