16 16
................
................
.........O......
..........O.....
...........#....
................
.I...#..........
..............I.
........I.......
................
..........#.....
I....O..........
........O......#
................
................
................
7
5 5 2 1 2 205 253 65 255
0

14 11 1 3 2 156 29 73 255
0

7 9 3 1 2 179 59 28 255
0

14 8 1 3 2 179 80 46 255
0

0 6 2 3 2 36 22 93 255
0

8 5 2 3 2 100 67 27 255
0

6 14 2 3 2 152 131 33 255
0

4
14 7 0 11 8 8 1 6 
4
10 3 8 12 5 11 9 2 
