16 16
................
................
................
..........O.....
...........I....
................
.O...#..........
..............I.
........O.......
................
..........I.....
O...............
...............I
................
................
................
7
8 12 1 3 2 169 98 170 255
0

10 5 1 2 2 5 205 253 255
0

1 14 3 1 2 43 156 29 255
0

9 7 1 3 2 97 179 59 255
0

12 14 0 1 2 203 179 80 255
0

14 0 2 2 2 51 36 22 255
0

13 8 1 2 2 211 100 67 255
0

4
11 4 15 12 10 10 14 7 
4
0 11 8 8 1 6 10 3 
