32 32
..O..O..................O.......
...................I............
.........I....................O.
............I...........I.I.....
...........#.....O.I............
..................I..I.....O...O
.I.........O.........#.......O..
.O..............................
..........O...I.........IO.O.I.O
.I...........................I..
.........OI....I................
................I..O.I....I.O...
........I....................O..
................................
.I..............I....I.......O..
...................O............
...O.........O.......I......O...
................................
...................O............
..I...I....I....O............O..
................................
..O........I............I.......
I...I.........O.................
.I........O...................I.
...............O........O.......
.......I.....O..................
..........................I.....
...I.........O.....I....OO......
...........I.O.I.....O..........
.............I..................
......I...O..........O......I...
.............O....O..........O..
64
13 12 24 8 2 73 124 45 255
0

10 22 35 0 2 117 136 110 255
0

14 7 2 2 2 251 31 126 255
0

12 14 6 4 2 12 207 79 255
0

6 11 11 41 2 83 3 105 255
0

1 12 1 8 2 109 210 186 255
0

10 21 8 33 2 163 235 137 255
0

30 4 26 19 2 118 30 126 255
0

6 3 38 36 2 98 118 234 255
0

16 13 31 21 2 178 212 251 255
0

15 13 18 21 2 199 216 114 255
0

16 6 29 23 2 139 133 26 255
0

29 21 26 14 2 108 176 154 255
0

18 23 41 28 2 231 203 52 255
0

9 12 39 33 2 100 246 162 255
0

7 18 10 26 2 163 134 24 255
0

3 12 5 25 2 148 5 247 255
0

0 24 38 37 2 165 221 226 255
0

27 4 26 31 2 147 223 62 255
0

7 9 8 34 2 104 216 255 255
0

19 7 40 6 2 8 42 198 255
0

22 10 29 29 2 150 11 12 255
0

24 23 2 1 2 128 29 55 255
0

11 26 4 17 2 242 76 45 255
0

11 5 29 9 2 206 252 162 255
0

21 27 0 3 2 102 7 148 255
0

16 7 39 31 2 112 81 84 255
0

4 25 33 28 2 176 197 106 255
0

27 26 20 22 2 234 100 249 255
0

29 22 0 22 2 84 196 142 255
0

20 2 9 1 2 235 165 98 255
0

27 22 39 34 2 229 235 134 255
0

30 18 10 3 2 204 158 5 255
0

15 4 12 22 2 52 29 115 255
0

12 4 7 30 2 184 107 80 255
0

13 23 16 35 2 215 167 132 255
0

21 21 29 25 2 133 133 121 255
0

16 4 34 39 2 202 174 168 255
0

19 28 35 26 2 28 217 155 255
0

21 18 31 32 2 187 119 93 255
0

13 6 1 37 2 41 165 181 255
0

14 27 8 24 2 137 112 37 255
0

21 9 17 9 2 56 180 54 255
0

30 15 11 18 2 202 119 148 255
0

1 24 30 1 2 211 154 195 255
0

31 16 28 35 2 114 92 41 255
0

20 16 41 27 2 109 132 60 255
0

9 21 18 34 2 83 235 204 255
0

0 17 39 20 2 111 140 87 255
0

29 10 33 15 2 44 48 105 255
0

17 31 36 16 2 173 232 3 255
0

3 30 28 18 2 87 153 109 255
0

17 18 19 12 2 93 64 200 255
0

12 26 35 7 2 45 148 12 255
0

15 16 1 34 2 230 139 142 255
0

2 31 11 16 2 234 55 114 255
0

16 20 12 21 2 129 53 127 255
0

5 19 30 15 2 251 236 124 255
0

18 11 15 37 2 92 121 148 255
0

31 24 36 33 2 119 235 11 255
0

4 31 41 13 2 22 16 228 255
0

18 25 29 17 2 106 153 68 255
0

7 16 38 37 2 193 222 14 255
0

20 18 2 26 2 32 125 143 255
0

42
15 28 26 26 30 23 16 11 24 8 1 6 26 3 8 12 21 11 9 2 10 10 21 5 18 5 13 29 1 14 11 21 11 28 29 9 7 25 19 1 19 27 28 30 24 21 11 19 16 14 0 22 6 19 4 22 29 8 21 14 19 4 3 27 6 30 26 11 24 3 1 23 15 10 2 19 1 9 12 3 14 8 21 16 
42
14 22 13 28 13 16 19 15 29 31 9 10 25 8 25 27 2 21 21 28 29 12 27 5 17 4 24 0 15 24 10 30 24 27 10 8 28 11 10 23 31 8 27 8 1 7 19 11 30 2 13 27 19 18 16 19 2 0 21 30 24 24 3 16 13 31 29 19 11 6 31 5 18 31 5 0 28 16 13 25 29 6 29 14 
