32 32
................................
................................
................................
..........................O.....
...........#....................
................................
.O...................#..........
................................
........................O.......
................................
................................
................I...............
........O.......................
................................
................................
................................
................................
................................
................................
................................
................................
................................
................................
..............................I.
................................
................................
..........................I.....
................................
...............I................
................................
................................
................................
7
21 11 1 2 2 170 42 149 255
0

5 18 1 1 2 253 65 174 255
0

11 21 3 0 2 29 73 39 255
0

25 19 1 3 2 59 28 62 255
0

24 21 3 3 2 80 46 96 255
0

22 6 3 0 2 22 93 232 255
0

21 14 3 0 2 67 27 166 255
0

4
15 28 26 26 30 23 16 11 
4
24 8 1 6 26 3 8 12 
