64 64
........................O............O..........................
................................................................
..............................................................O.
........................I.................................I.....
................................................................
..................I..I.....O....................................
.I...........................O.............O....................
.O..............................................................
.........................O................O...I................O
.I...........................I..................................
.........................................O......................
................I...........O........................I..........
.............O...............O..................................
................................................................
.....................I..........................................
................................................................
...O........................................................O...
................................................................
................................................................
.............................................................O..
................................................................
..O........................................I............I.......
................................I...I.........I.................
.................................I............................I.
...............................................O................
.......................................I........................
................................................................
...I...............................I............................
.............O.......O.....................I....................
................................................................
................................................................
.............O...............O..................................
..O.............................................................
...................I............................................
.........................................I......................
............I...................................................
...........#.......I.............................O..............
...............................................................O
.....................................................#..........
................................................................
........................I....I.............................O....
................................................................
..........................................I....I................
...................................................O......I.....
........................................I.......................
................................................................
.I..............I............................................O..
...................................................O............
.............................................O.......I..........
................................................................
...................O............................................
......I....I....O.................I.............................
................................................................
................................................................
................................................................
..........................................O.....................
........................O.......................................
.............................................O..................
..........................................................#.....
........................OO...................O.....I............
...............................................#................
.............I..................................................
.....................O......I.........I...O.....................
..................................................O.............
64
40 58 39 18 2 45 234 54 255
0

53 0 23 14 2 110 206 39 255
0

34 10 15 7 2 126 44 46 255
0

58 16 12 35 2 79 102 139 255
0

15 29 25 29 2 105 129 76 255
0

35 40 15 38 2 186 42 21 255
0

18 17 17 41 2 137 126 164 255
0

14 43 30 32 2 126 70 99 255
0

34 20 22 0 2 234 48 109 255
0

63 29 28 12 2 251 79 173 255
0

52 45 7 40 2 114 112 134 255
0

7 39 21 1 2 26 193 198 255
0

61 53 26 14 2 108 176 154 255
0

50 23 41 28 2 231 203 52 255
0

41 44 39 33 2 100 246 162 255
0

39 50 10 26 2 163 134 24 255
0

35 44 5 25 2 148 5 247 255
0

0 56 38 37 2 165 221 226 255
0

59 36 26 31 2 147 223 62 255
0

7 41 8 34 2 104 216 255 255
0

19 39 40 6 2 8 42 198 255
0

22 42 29 29 2 150 11 12 255
0

24 55 2 1 2 128 29 55 255
0

11 26 4 17 2 242 76 45 255
0

43 5 29 9 2 206 252 162 255
0

21 59 0 3 2 102 7 148 255
0

16 39 39 31 2 112 81 84 255
0

4 57 33 28 2 176 197 106 255
0

59 58 20 22 2 234 100 249 255
0

29 54 0 22 2 84 196 142 255
0

15 28 28 6 2 39 155 235 255
0

37 34 35 4 2 227 174 229 255
0

30 18 10 3 2 204 158 5 255
0

47 4 12 22 2 52 29 115 255
0

44 4 7 30 2 184 107 80 255
0

13 55 16 35 2 215 167 132 255
0

53 53 29 25 2 133 133 121 255
0

48 4 34 39 2 202 174 168 255
0

51 28 35 26 2 28 217 155 255
0

21 18 31 32 2 187 119 93 255
0

13 6 1 37 2 41 165 181 255
0

46 59 8 24 2 137 112 37 255
0

53 41 17 9 2 56 180 54 255
0

62 47 11 18 2 202 119 148 255
0

1 24 30 1 2 211 154 195 255
0

63 16 28 35 2 114 92 41 255
0

20 16 41 27 2 109 132 60 255
0

9 53 18 34 2 83 235 204 255
0

32 49 39 20 2 111 140 87 255
0

61 42 33 15 2 44 48 105 255
0

31 16 21 35 2 146 46 173 255
0

40 3 33 36 2 70 50 87 255
0

25 45 32 17 2 209 242 69 255
0

26 29 4 14 2 204 90 141 255
0

15 45 6 10 2 143 112 1 255
0

36 38 5 12 2 98 63 205 255
0

30 42 11 14 2 208 52 126 255
0

53 1 21 35 2 165 147 90 255
0

3 59 4 20 2 146 43 65 255
0

17 28 41 20 2 159 88 206 255
0

59 55 41 1 2 164 159 75 255
0

29 22 26 14 2 82 185 33 255
0

59 42 25 40 2 145 242 103 255
0

48 10 37 31 2 222 14 20 255
0

42
62 23 16 11 24 40 1 6 58 3 40 44 53 11 41 34 42 42 21 5 18 5 13 61 1 46 43 21 43 28 29 9 39 25 19 33 51 59 28 62 56 21 11 51 16 46 32 22 6 51 36 22 29 40 21 14 19 36 3 27 38 62 58 43 24 3 33 23 47 42 34 51 1 9 12 35 46 8 53 48 46 22 35 27 
42
13 28 45 48 51 47 29 31 41 10 25 8 25 59 2 21 21 28 29 12 27 5 49 36 24 0 47 24 42 62 24 59 42 8 28 11 42 55 63 8 59 40 1 7 51 43 62 2 45 59 19 50 16 51 2 32 21 62 24 56 3 16 13 31 61 19 43 6 63 37 50 63 37 0 60 16 45 57 29 6 61 46 13 12 
