32 32
..O..O..................O.......
...................I............
.........I....................O.
............I...........I.I.....
...........#.....O.I............
..................I..I.....O...O
.#.........O.........#.......O..
.O..............................
..........O...I.........#O.O.I.O
.I...........................I..
.........II..O.I................
................#..O.I....I.O...
........I....O...............O..
................................
.I..............I....I.......O..
...................I............
...O.........I.......I......O...
................................
...................O............
..I...I....I....O............O..
................................
O.O........I..........O.I.......
I...I.........I.................
.I........O...................#.
...............O........O.......
.......I.....O..................
........O.................#.....
...I.........O.....I....OO......
.........O.I.I.#.....O..........
.............I..................
......I...O..........O......I...
.............O....O..........I..
64
8 14 26 9 2 162 202 251 255
0

31 30 40 14 2 186 80 12 255
0

15 15 34 13 2 79 29 83 255
0

3 9 13 0 2 227 168 109 255
0

18 26 0 1 2 146 145 163 255
0

11 9 28 6 2 206 107 118 255
0

30 30 30 19 2 34 84 98 255
0

22 10 40 33 2 191 29 178 255
0

20 27 9 23 2 116 173 199 255
0

24 18 40 2 2 199 103 139 255
0

5 26 23 26 2 61 245 102 255
0

28 12 20 8 2 242 23 207 255
0

2 7 3 24 2 169 108 41 255
0

22 2 17 40 2 178 126 163 255
0

6 24 11 4 2 71 195 148 255
0

5 23 40 16 2 202 211 165 255
0

29 2 19 40 2 252 111 147 255
0

7 9 8 34 2 104 216 255 255
0

19 7 40 6 2 8 42 198 255
0

23 3 0 23 2 12 216 55 255
0

4 17 18 27 2 55 203 90 255
0

28 23 0 8 2 45 43 5 255
0

13 1 28 6 2 162 85 187 255
0

30 7 34 29 2 148 144 231 255
0

15 29 32 21 2 84 4 185 255
0

27 4 10 25 2 106 59 58 255
0

10 4 11 1 2 54 72 48 255
0

20 4 26 33 2 92 52 226 255
0

7 27 41 35 2 98 155 22 255
0

3 14 31 41 2 134 158 210 255
0

18 9 30 34 2 5 239 196 255
0

30 20 26 9 2 115 172 4 255
0

9 0 22 37 2 80 217 8 255
0

13 23 16 35 2 215 167 132 255
0

21 21 29 25 2 133 133 121 255
0

16 4 34 39 2 202 174 168 255
0

19 28 35 26 2 28 217 155 255
0

21 18 31 32 2 187 119 93 255
0

13 6 1 37 2 41 165 181 255
0

14 27 8 24 2 137 112 37 255
0

21 9 17 9 2 56 180 54 255
0

30 15 11 18 2 202 119 148 255
0

1 24 30 1 2 211 154 195 255
0

31 16 28 35 2 114 92 41 255
0

20 16 41 27 2 109 132 60 255
0

9 21 18 34 2 83 235 204 255
0

0 17 39 20 2 111 140 87 255
0

29 10 33 15 2 44 48 105 255
0

17 31 36 16 2 173 232 3 255
0

3 30 28 18 2 87 153 109 255
0

17 18 19 12 2 93 64 200 255
0

12 26 35 7 2 45 148 12 255
0

15 16 1 34 2 230 139 142 255
0

2 31 11 16 2 234 55 114 255
0

16 20 12 21 2 129 53 127 255
0

5 19 30 15 2 251 236 124 255
0

18 11 15 37 2 92 121 148 255
0

31 24 36 33 2 119 235 11 255
0

4 31 41 13 2 22 16 228 255
0

18 25 29 17 2 106 153 68 255
0

7 16 38 37 2 193 222 14 255
0

20 18 2 26 2 32 125 143 255
0

13 4 14 6 2 183 0 242 255
0

9 19 24 28 2 160 0 210 255
0

42
26 3 8 12 21 11 9 2 10 10 21 5 18 5 13 29 1 14 11 21 11 28 29 9 7 25 19 1 19 27 28 30 24 21 11 19 16 14 0 22 6 19 4 22 29 8 21 14 19 4 3 27 6 30 26 11 24 3 1 23 15 10 2 19 1 9 12 3 14 8 21 16 14 22 13 28 13 16 19 15 29 31 9 10 
42
25 8 25 27 2 21 21 28 29 12 27 5 17 4 24 0 15 24 10 30 24 27 10 8 28 11 10 23 31 8 27 8 1 7 19 11 30 2 13 27 19 18 16 19 2 0 21 30 24 24 3 16 13 31 29 19 11 6 31 5 18 31 5 0 28 16 13 25 29 6 29 14 13 12 8 26 9 28 13 10 22 21 0 21 
