16 16
..OO.I..O...OO..
...I............
...O.....I....O.
O.I...I.I.IIIO..
.O.I.......#....
O.I..IO.I..I...O
II..I#.....O.OI.
.I........O...I.
........IOOO.IIO
.I.....I.....I..
..O.....OOI..OOI
I..I.IO.OOI.OO..
O....O..IO.I.IOI
.............I..
II...II.O.O.IO..
..OO.......O.O.O
63
15 13 25 29 2 105 129 76 255
0

3 8 15 38 2 186 42 21 255
0

2 1 17 41 2 137 126 164 255
0

14 11 30 32 2 126 70 99 255
0

2 4 22 0 2 234 48 109 255
0

13 4 21 7 2 216 114 112 255
0

6 7 23 21 2 133 26 193 255
0

6 13 21 26 2 124 108 176 255
0

10 2 9 41 2 34 231 203 255
0

4 9 6 39 2 147 100 246 255
0

2 7 40 10 2 126 163 134 255
0

12 7 25 0 2 5 247 128 255
0

3 5 37 34 2 187 164 252 255
0

15 3 23 34 2 7 233 190 255
0

0 8 6 23 2 147 103 44 255
0

10 6 32 6 2 151 67 150 255
0

8 7 2 1 2 128 29 55 255
0

11 10 4 17 2 242 76 45 255
0

13 1 28 6 2 162 85 187 255
0

4 0 3 39 2 221 112 81 255
0

4 4 41 33 2 4 176 197 255
0

14 15 10 28 2 226 39 155 255
0

2 11 4 39 2 174 229 235 255
0

2 2 3 30 2 158 5 239 255
0

4 14 22 26 2 29 115 172 255
0

11 0 7 6 2 205 119 188 255
0

7 4 5 39 2 171 219 133 255
0

5 9 32 2 2 12 21 202 255
0

3 12 35 26 2 28 217 155 255
0

5 2 31 32 2 187 119 93 255
0

9 5 13 38 2 59 88 36 255
0

9 0 21 33 2 41 207 141 255
0

8 4 40 12 2 47 175 230 255
0

4 1 16 30 2 37 211 154 255
0

12 9 16 28 2 209 161 109 255
0

4 12 19 1 2 38 232 83 255
0

0 1 39 20 2 111 140 87 255
0

9 7 24 24 2 105 223 80 255
0

1 15 36 16 2 173 232 3 255
0

3 14 28 18 2 87 153 109 255
0

1 2 19 12 2 93 64 200 255
0

12 10 35 7 2 45 148 12 255
0

15 0 1 34 2 230 139 142 255
0

5 1 21 35 2 165 147 90 255
0

12 12 2 39 2 65 17 92 255
0

9 4 35 18 2 206 251 119 255
0

11 11 16 35 2 75 157 22 255
0

0 4 24 1 2 33 251 106 255
0

7 0 38 37 2 193 222 14 255
0

4 2 2 26 2 32 125 143 255
0

6 12 25 20 2 242 105 19 255
0

0 0 20 2 2 100 122 88 255
0

10 13 15 36 2 100 215 181 255
0

4 15 40 7 2 5 55 36 255
0

0 15 11 28 2 87 9 227 255
0

13 7 5 20 2 50 237 234 255
0

13 5 1 10 2 222 235 60 255
0

3 7 41 7 2 13 81 221 255
0

11 9 3 17 2 78 50 219 255
0

15 11 26 6 2 77 130 154 255
0

5 7 6 15 2 14 100 150 255
0

15 6 40 20 2 41 40 24 255
0

14 13 37 41 2 70 207 119 255
0

42
15 12 10 10 14 7 0 11 8 8 1 6 10 3 8 12 5 11 9 2 5 5 2 5 13 13 1 14 11 5 11 12 13 9 7 9 3 1 3 11 12 14 8 5 11 3 0 14 0 6 6 3 4 6 13 8 5 14 3 4 6 14 10 11 8 3 1 7 15 10 2 3 1 9 12 3 14 8 5 0 14 6 13 12 
42
13 0 3 15 13 15 9 10 9 8 9 11 5 12 1 4 8 0 15 8 10 14 8 11 10 8 12 11 10 7 11 8 14 2 13 11 3 2 0 3 2 0 3 0 13 3 11 6 15 5 2 15 12 0 13 6 13 14 8 10 9 12 13 10 6 5 0 5 8 14 2 10 11 15 14 12 14 10 0 12 15 15 6 11 
