24 24
......O.................
...................I...I
...............O........
..I.....................
...#............I.......
..I..........I..........
............IO......O#..
........................
.....O..................
........................
........................
#.....O...OI.......IO...
.............O.........#
.....................I..
O.....................O.
.........O.O............
.............O..I.......
.O...................I..
.II...............#.....
.....I..O.........O.....
...........O............
...I....I...............
II............O..I......
.....O........#.........
31
1 10 5 12 2 89 59 2 255
0

13 13 0 9 2 204 219 197 255
0

9 4 8 16 2 239 88 106 255
0

14 0 19 2 2 72 156 203 255
0

10 23 7 0 2 187 168 193 255
0

23 11 7 14 2 194 173 251 255
0

11 2 12 11 2 2 32 213 255
0

8 11 12 9 2 95 253 147 255
0

3 14 19 1 2 50 63 101 255
0

8 20 12 17 2 57 221 134 255
0

5 12 12 2 2 73 124 45 255
0

18 22 1 4 2 117 136 110 255
0

14 15 14 18 2 251 31 126 255
0

4 14 2 0 2 12 207 79 255
0

22 19 3 9 2 83 3 105 255
0

1 12 7 0 2 109 210 186 255
0

18 13 2 13 2 163 235 137 255
0

22 12 2 15 2 118 30 126 255
0

6 19 14 16 2 98 118 234 255
0

16 21 3 13 2 178 212 251 255
0

15 5 4 17 2 199 216 114 255
0

16 14 11 15 2 139 133 26 255
0

17 14 17 17 2 102 124 108 255
0

8 2 6 15 2 207 34 231 255
0

3 12 5 4 2 41 147 100 255
0

22 2 7 14 2 178 126 163 255
0

22 8 19 4 2 71 195 148 255
0

13 15 8 4 2 202 211 165 255
0

13 10 15 0 2 252 111 147 255
0

23 22 15 5 2 190 64 104 255
0

0 23 11 11 2 44 78 8 255
0

20
16 16 17 22 2 3 16 4 5 19 1 18 2 18 21 13 2 5 13 5 1 22 3 21 21 17 23 1 19 1 11 11 12 6 8 21 19 11 0 22 
20
0 14 6 11 20 6 13 16 13 6 11 20 14 22 18 19 8 19 9 15 15 2 10 11 1 17 20 11 6 0 5 8 22 14 13 12 11 15 5 23 
