32 32
................................
................................
.........I......................
..........................I.....
...........#....................
..................O..O..........
.#...................#..........
................................
........................#.......
................................
..........O.....................
................#....I..........
........I.......................
................................
................................
................................
................................
................................
................................
................................
................................
................................
................................
..............................#.
................................
................................
..........................#.....
................................
...............#................
.............O..................
................................
................................
8
1 14 3 1 2 43 156 29 255
0

9 7 1 3 2 97 179 59 255
0

28 30 0 1 2 203 179 80 255
0

14 0 2 2 2 51 36 22 255
0

29 8 1 2 2 211 100 67 255
0

27 6 2 2 2 43 152 131 255
0

1 23 3 2 2 98 51 193 255
0

9 12 3 2 2 200 181 48 255
0

4
26 3 8 12 21 11 9 2 
4
10 10 21 5 18 5 13 29 
