32 32
................................
...................O............
.........I......................
..........................I.....
...........#....................
..................O..O..........
.I...................#..........
................................
........................I.......
.............................O..
..........O.....................
................I....I..........
........I.......................
................................
.O..............................
................................
................................
................................
................................
................................
................................
...........O....................
................................
..............................I.
................................
.......O........................
..........................I.....
................................
...........O...I................
.............O..................
................................
................................
15
19 27 6 0 2 248 21 203 255
0

19 16 8 2 2 150 6 51 255
0

4 22 5 2 2 21 78 211 255
0

4 3 9 8 2 126 122 43 255
0

24 3 3 1 2 239 42 98 255
0

9 12 7 0 2 200 181 48 255
0

14 22 1 5 2 77 92 237 255
0

16 19 3 7 2 223 41 138 255
0

25 8 7 1 2 2 149 149 255
0

28 29 8 3 2 197 177 36 255
0

24 0 3 8 2 106 254 216 255
0

27 10 0 4 2 203 42 247 255
0

31 8 3 6 2 193 7 243 255
0

11 30 4 9 2 251 211 50 255
0

2 0 7 2 2 88 56 131 255
0

10
15 28 26 26 30 23 16 11 24 8 1 6 26 3 8 12 21 11 9 2 
10
10 10 21 5 18 5 13 29 1 14 11 21 11 28 29 9 7 25 19 1 
