16 16
................
...O............
.........I......
..........I.....
...........#....
..O..I.....O....
.I...#..........
..............I.
........I.......
.......O.....O..
..........I.....
I..O.I..........
........I..O...#
.............O..
.O..........O...
................
15
8 5 5 5 2 80 46 96 255
0

6 6 1 6 2 22 93 232 255
0

5 14 7 6 2 67 27 166 255
0

14 10 9 0 2 131 33 87 255
0

15 10 0 3 2 193 201 140 255
0

3 14 6 9 2 48 110 86 255
0

13 12 1 6 2 243 175 93 255
0

15 9 6 5 2 8 89 59 255
0

5 12 9 8 2 219 197 177 255
0

4 8 6 3 2 88 106 254 255
0

8 11 2 0 2 156 203 42 255
0

7 15 0 3 2 168 193 7 255
0

14 2 9 3 2 211 50 208 255
0

3 2 2 7 2 62 88 56 255
0

3 0 9 9 2 253 147 107 255
0

10
10 10 14 7 0 11 8 8 1 6 10 3 8 12 5 11 9 2 5 5 
10
2 5 13 13 1 14 11 5 11 12 13 9 7 9 3 1 3 11 12 14 
