64 64
................................................................
................................................................
................................................................
........................O.................................#.....
................................................................
..................I..I..........................................
.#..............................................................
................................................................
.........................O....................O.................
.O...........................I..................................
.........................................O......................
................#....................................#..........
................................................................
................................................................
.....................I..........................................
................................................................
................................................................
................................................................
................................................................
................................................................
................................................................
...........................................I............I.......
................................I...I.........O.................
.................................O............................#.
................................................................
.......................................I........................
................................................................
...O...............................O............................
.............O.............................I....................
................................................................
................................................................
.............................O..................................
................................................................
...................I............................................
.........................................#......................
............O...................................................
...........#.......O............................................
................................................................
.....................................................#..........
................................................................
........................#....I..................................
................................................................
..........................................I....O................
..........................................................O.....
........................................#.......................
................................................................
.I..............I...............................................
...................................................O............
.............................................O.......O..........
................................................................
................................................................
......I....I......................O.............................
................................................................
................................................................
................................................................
................................................................
................................................................
................................................................
..........................................................#.....
...................................................I............
...............................................#................
.............I..................................................
............................I.........O.........................
................................................................
32
25 59 2 5 2 149 28 221 255
0

12 27 17 9 2 36 152 128 255
0

47 24 10 14 2 216 187 42 255
0

8 28 11 2 2 247 191 8 255
0

59 40 5 3 2 243 171 254 255
0

2 45 3 15 2 50 208 115 255
0

2 32 17 2 2 88 56 131 255
0

16 13 19 1 2 147 107 70 255
0

63 37 6 19 2 101 192 60 255
0

16 45 1 1 2 134 61 174 255
0

13 12 12 2 2 73 124 45 255
0

42 54 1 4 2 117 136 110 255
0

14 39 14 18 2 251 31 126 255
0

44 46 2 0 2 12 207 79 255
0

38 11 3 9 2 83 3 105 255
0

1 12 7 0 2 109 210 186 255
0

42 21 2 13 2 163 235 137 255
0

62 36 2 15 2 118 30 126 255
0

6 35 14 16 2 98 118 234 255
0

48 45 3 13 2 178 212 251 255
0

15 45 4 17 2 199 216 114 255
0

48 6 11 15 2 139 133 26 255
0

61 53 14 4 2 108 176 154 255
0

50 23 3 6 2 231 203 52 255
0

41 44 1 19 2 100 246 162 255
0

39 50 10 14 2 163 134 24 255
0

35 44 3 11 2 148 5 247 255
0

0 56 2 3 2 165 221 226 255
0

59 36 0 7 2 147 223 62 255
0

7 41 2 4 2 104 216 255 255
0

19 39 8 2 2 8 42 198 255
0

22 42 15 19 2 150 11 12 255
0

20
42 42 21 5 18 5 13 61 1 46 43 21 43 28 29 9 39 25 19 33 51 59 28 62 56 21 11 51 16 46 32 22 6 51 36 22 29 40 21 14 
20
19 36 3 27 38 62 58 43 24 3 33 23 47 42 34 51 1 9 12 35 46 8 53 48 46 22 35 27 13 28 45 48 51 47 29 31 41 10 25 8 
