64 64
................................................................
................................................................
................................................................
........................O.................................#.....
................................................................
..................#..#..........................................
.#..............................................................
................................................................
.........................O....................O.................
.O...........................I..................................
.........................................O......................
................#....................................#..........
.............................O..................................
................................................................
.....................I..........................................
................................................................
................................................................
................................................................
................................................................
................................................................
................................................................
..O........................................I............I.......
................................I...I.........O.................
.................................O............................#.
................................................................
.......................................I........................
................................................................
...I...............................O............................
.............O.......O.....................I....................
................................................................
................................................................
.............................O..................................
................................................................
...................I............................................
.........................................#......................
............O...................................................
...........#.......I............................................
................................................................
.....................................................#..........
................................................................
........................#....I..................................
................................................................
..........................................#....O................
..........................................................I.....
........................................#.......................
................................................................
.I..............I...............................................
...................................................O............
.............................................O.......O..........
................................................................
................................................................
......I....I......................O.............................
................................................................
................................................................
................................................................
................................................................
................................................................
................................................................
..........................................................#.....
.........................O.........................I............
...............................................#................
.............#..................................................
............................I.........I.........................
................................................................
31
27 5 9 8 2 152 128 239 255
0

24 42 14 0 2 187 42 72 255
0

28 11 2 3 2 191 8 187 255
0

40 1 3 15 2 171 254 194 255
0

45 59 15 18 2 208 115 2 255
0

32 21 2 8 2 56 131 144 255
0

13 31 1 11 2 107 70 255 255
0

37 50 19 13 2 192 60 80 255
0

45 57 1 14 2 61 174 141 255
0

12 40 2 13 2 124 45 234 255
0

54 53 4 1 2 136 110 206 255
0

39 34 18 3 2 31 126 44 255
0

46 58 0 4 2 207 79 102 255
0

11 15 9 15 2 3 105 129 255
0

40 45 10 18 2 42 21 146 255
0

17 35 15 5 2 126 164 206 255
0

43 54 14 10 2 70 99 34 255
0

20 34 18 6 2 48 109 191 255
0

29 50 12 19 2 79 173 116 255
0

45 7 16 2 2 112 134 199 255
0

39 11 1 6 2 193 198 61 255
0

60 44 0 2 2 242 23 207 255
0

34 39 11 4 2 169 108 41 255
0

54 34 7 14 2 178 126 163 255
0

6 24 19 4 2 71 195 148 255
0

5 55 8 4 2 202 211 165 255
0

29 34 15 0 2 252 111 147 255
0

31 62 15 5 2 190 64 104 255
0

24 63 11 11 2 44 78 8 255
0

42 6 14 18 2 151 67 150 255
0

11 12 0 11 2 68 81 128 255
0

20
1 46 43 21 43 28 29 9 39 25 19 33 51 59 28 62 56 21 11 51 16 46 32 22 6 51 36 22 29 40 21 14 19 36 3 27 38 62 58 43 
20
24 3 33 23 47 42 34 51 1 9 12 35 46 8 53 48 46 22 35 27 13 28 45 48 51 47 29 31 41 10 25 8 25 59 2 21 21 28 29 12 
