64 64
........................O............O..........................
................................................................
..............................................................O.
........................I.................................#.....
................................................................
..................I..I.....O....................................
.#...........................O.............O....................
.O..............................................................
.........................I................O...I................O
.I...........................I..................................
..................................O......I......................
................#...........O........................#..........
.............O...............O..................................
................................................................
.....................I..........................................
................................................................
...O........................................................O...
................................................................
................................................................
.............................................................O..
................................................................
..I........................................I............I.......
................................I...I.........I.................
.................................I............................#.
...............................................O................
.......................................I........................
................................................................
...I...............................I............................
.............I.......O.....................I....................
................................................................
................................................................
.............O...............I..................................
..O.............................................................
...................I............................................
.........................................#......................
............I...................................................
...........#.......I.............................O..............
...............................................................O
.....................................................#..........
..............O.................................................
........................#....I.............................O....
................................................................
..........................................I..O.I................
...................................................O......I.....
........................................#.......................
................................................................
.I......O.......I............................................O..
...................................................I............
.............................................I.......I..........
................................................................
...................O............................................
......I....I....O.................I.............................
................................................................
O.....................................................O.........
................................................................
..........................................O.....................
........................O.......................................
.............................................O..................
........................................O.................#.....
........................OI...................O.....I............
.........O.....................................#................
.............I..................................................
.....................O......I.........I...O.....................
..................................................O.............
64
59 31 20 40 2 46 186 80 255
0

12 15 19 34 2 139 79 29 255
0

19 3 33 13 2 76 227 168 255
0

45 18 32 0 2 21 146 145 255
0

35 43 1 28 2 164 206 107 255
0

54 30 28 30 2 99 34 84 255
0

34 54 6 40 2 109 191 29 255
0

50 20 23 9 2 173 116 173 255
0

7 24 18 40 2 134 199 103 255
0

11 5 30 23 2 198 61 245 255
0

38 60 28 20 2 154 242 23 255
0

15 34 27 3 2 52 169 108 255
0

41 19 16 34 2 162 39 242 255
0

50 62 21 4 2 24 35 108 255
0

7 3 0 13 2 247 128 56 255
0

10 19 9 37 2 226 187 164 255
0

60 47 41 23 2 62 7 233 255
0

62 0 6 6 2 255 147 103 255
0

44 14 34 12 2 198 22 42 255
0

23 3 0 23 2 12 216 55 255
0

4 17 18 27 2 55 203 90 255
0

60 23 0 8 2 45 43 5 255
0

45 1 28 6 2 162 85 187 255
0

62 7 34 29 2 148 144 231 255
0

47 29 32 21 2 84 4 185 255
0

59 4 10 25 2 106 59 58 255
0

22 42 24 26 2 249 93 54 255
0

8 48 30 38 2 142 207 92 255
0

52 34 9 1 2 235 165 98 255
0

27 22 39 34 2 229 235 134 255
0

30 18 10 3 2 204 158 5 255
0

47 4 12 22 2 52 29 115 255
0

44 4 7 30 2 184 107 80 255
0

13 55 16 35 2 215 167 132 255
0

53 53 29 25 2 133 133 121 255
0

48 4 34 39 2 202 174 168 255
0

51 28 35 26 2 28 217 155 255
0

21 18 31 32 2 187 119 93 255
0

13 6 1 37 2 41 165 181 255
0

46 59 8 24 2 137 112 37 255
0

53 41 17 9 2 56 180 54 255
0

62 47 11 18 2 202 119 148 255
0

1 24 30 1 2 211 154 195 255
0

63 16 28 35 2 114 92 41 255
0

20 16 41 27 2 109 132 60 255
0

9 53 18 34 2 83 235 204 255
0

32 49 39 20 2 111 140 87 255
0

61 42 33 15 2 44 48 105 255
0

31 16 21 35 2 146 46 173 255
0

40 3 33 36 2 70 50 87 255
0

25 45 32 17 2 209 242 69 255
0

26 29 4 14 2 204 90 141 255
0

15 45 6 10 2 143 112 1 255
0

36 38 5 12 2 98 63 205 255
0

30 42 11 14 2 208 52 126 255
0

53 1 21 35 2 165 147 90 255
0

3 59 4 20 2 146 43 65 255
0

17 28 41 20 2 159 88 206 255
0

59 55 41 1 2 164 159 75 255
0

29 22 26 14 2 82 185 33 255
0

59 42 25 40 2 145 242 103 255
0

48 10 37 31 2 222 14 20 255
0

50 56 26 20 2 125 143 205 255
0

12 55 20 16 2 105 19 20 255
0

42
42 42 21 5 18 5 13 61 1 46 43 21 43 28 29 9 39 25 19 33 51 59 28 62 56 21 11 51 16 46 32 22 6 51 36 22 29 40 21 14 19 36 3 27 38 62 58 43 24 3 33 23 47 42 34 51 1 9 12 35 46 8 53 48 46 22 35 27 13 28 45 48 51 47 29 31 41 10 25 8 25 59 2 21 
42
21 28 29 12 27 5 49 36 24 0 47 24 42 62 24 59 42 8 28 11 42 55 63 8 59 40 1 7 51 43 62 2 45 59 19 50 16 51 2 32 21 62 24 56 3 16 13 31 61 19 43 6 63 37 50 63 37 0 60 16 45 57 29 6 61 46 13 12 40 58 9 60 45 42 54 53 0 53 8 46 14 39 34 10 
