64 64
................................................................
................................................................
................................................................
........................O.................................I.....
................................................................
..................I..I..........................................
.I..............................................................
................................................................
..............................................O.................
.O...........................I..................................
................................................................
................I....................................I..........
................................................................
................................................................
.....................O..........................................
................................................................
................................................................
................................................................
................................................................
................................................................
................................................................
...........................................I............O.......
................................O...O...........................
.................................O............................I.
................................................................
.......................................I........................
................................................................
...O............................................................
...........................................I....................
................................................................
................................................................
................................................................
................................................................
...................I............................................
.........................................I......................
............O...................................................
...........#.......O............................................
................................................................
.....................................................#..........
................................................................
........................I....O..................................
................................................................
..........................................I....O................
..........................................................O.....
........................................I.......................
................................................................
.I..............O...............................................
................................................................
.....................................................O..........
................................................................
................................................................
......O....O......................O.............................
................................................................
................................................................
................................................................
................................................................
................................................................
................................................................
..........................................................#.....
...................................................I............
...............................................#................
.............I..................................................
............................I.........O.........................
................................................................
31
46 22 11 15 2 77 92 237 255
0

48 51 3 17 2 223 41 138 255
0

25 8 17 11 2 2 149 149 255
0

28 29 8 3 2 197 177 36 255
0

24 0 3 8 2 106 254 216 255
0

59 42 0 4 2 203 42 247 255
0

63 8 3 16 2 193 7 243 255
0

43 62 14 9 2 251 211 50 255
0

16 51 2 12 2 213 62 88 255
0

56 3 12 9 2 95 253 147 255
0

43 6 19 1 2 50 63 101 255
0

0 60 12 17 2 57 221 134 255
0

61 46 9 16 2 40 58 73 255
0

60 45 18 10 2 245 64 117 255
0

8 46 14 7 2 162 202 251 255
0

31 62 4 6 2 186 80 12 255
0

15 15 10 19 2 79 29 83 255
0

3 41 17 16 2 227 168 109 255
0

18 58 6 17 2 146 145 163 255
0

43 9 6 12 2 206 107 118 255
0

30 62 14 3 2 34 84 98 255
0

54 42 16 13 2 191 29 178 255
0

20 59 7 17 2 116 173 199 255
0

24 50 0 10 2 199 103 139 255
0

5 26 13 18 2 61 245 102 255
0

60 44 0 2 2 242 23 207 255
0

34 39 11 4 2 169 108 41 255
0

54 34 7 14 2 178 126 163 255
0

6 24 19 4 2 71 195 148 255
0

5 55 8 4 2 202 211 165 255
0

29 34 15 0 2 252 111 147 255
0

20
62 23 16 11 24 40 1 6 58 3 40 44 53 11 41 34 42 42 21 5 18 5 13 61 1 46 43 21 43 28 29 9 39 25 19 33 51 59 28 62 
20
56 21 11 51 16 46 32 22 6 51 36 22 29 40 21 14 19 36 3 27 38 62 58 43 24 3 33 23 47 42 34 51 1 9 12 35 46 8 53 48 
