32 32
................................
...................O............
.........I......................
..........................I.....
...........#....................
..................O..I..........
.I...................#..........
................................
........................I.......
.............................O..
..........I.....................
................I....I..........
........I.......................
................................
.O..............................
................................
................................
................................
................................
................................
................................
...........O....................
................................
..............................I.
................................
.......O........................
..........................#.....
...................O............
...........O...#................
.............O..................
............................O...
................................
15
24 21 5 5 2 80 46 96 255
0

22 6 1 6 2 22 93 232 255
0

21 14 7 6 2 67 27 166 255
0

30 26 9 0 2 131 33 87 255
0

15 10 0 3 2 193 201 140 255
0

3 14 6 9 2 48 110 86 255
0

3 27 9 2 2 237 48 243 255
0

15 29 1 3 2 138 153 8 255
0

25 27 2 5 2 149 28 221 255
0

12 27 7 9 2 36 152 128 255
0

15 24 0 4 2 216 187 42 255
0

8 28 1 2 2 247 191 8 255
0

27 8 5 3 2 243 171 254 255
0

2 13 3 5 2 50 208 115 255
0

2 0 7 2 2 88 56 131 255
0

10
30 23 16 11 24 8 1 6 26 3 8 12 21 11 9 2 10 10 21 5 
10
18 5 13 29 1 14 11 21 11 28 29 9 7 25 19 1 19 27 28 30 
