24 24
........................
........................
........................
..O.....................
...I....................
........................
.....................#..
........................
........................
........................
........................
O.......................
.......................I
........................
........................
........................
................O.......
........................
..................I.....
........................
........................
........................
.................O......
..............I.........
7
16 4 1 3 2 169 98 170 255
0

18 21 1 2 2 5 205 253 255
0

1 22 3 1 2 43 156 29 255
0

17 23 1 3 2 97 179 59 255
0

12 6 0 1 2 203 179 80 255
0

22 0 2 2 2 51 36 22 255
0

13 16 1 2 2 211 100 67 255
0

4
3 4 23 12 18 18 14 23 
4
0 11 16 16 17 22 2 3 
