24 24
......I........OOO..O...
...................I...I
O.O........O...I........
..I..................O..
...#.O...O......I.......
O.I..........I........O.
............II......I#..
..................O.....
O..O.I.....O.O.O........
........................
.O......................
I...O.I...II.....O.IIO..
.....O...O...I.........#
..................O..I.O
I..O......O..O.......OI.
.........I.I..O......O..
..O..........I..I.O.....
.I...................I..
.II...............I..OO.
.....I..I..O......I.....
...........I............
...I....I..........O....
II......O.....I..I......
.O...O....O...I.........
63
3 7 20 40 2 46 186 80 255
0

12 23 19 34 2 139 79 29 255
0

9 1 0 1 2 168 109 210 255
0

13 2 33 17 2 235 137 126 255
0

12 14 19 30 2 30 126 70 255
0

19 2 36 22 2 118 234 48 255
0

21 7 21 28 2 212 251 79 255
0

16 18 40 2 2 199 103 139 255
0

13 18 23 26 2 61 245 102 255
0

20 4 20 8 2 242 23 207 255
0

10 15 3 24 2 169 108 41 255
0

22 2 17 40 2 178 126 163 255
0

22 8 11 4 2 71 195 148 255
0

13 15 40 16 2 202 211 165 255
0

13 10 19 40 2 252 111 147 255
0

23 22 13 37 2 190 64 104 255
0

0 23 37 41 2 44 78 8 255
0

18 22 32 6 2 151 67 150 255
0

11 12 18 37 2 68 81 128 255
0

21 23 7 14 2 252 151 242 255
0

20 21 41 23 2 237 1 206 255
0

12 10 23 37 2 190 7 102 255
0

23 20 14 3 2 111 221 112 255
0

20 17 33 28 2 176 197 106 255
0

14 10 24 26 2 249 93 54 255
0

0 16 30 38 2 142 207 92 255
0

4 18 9 1 2 235 165 98 255
0

11 22 39 34 2 229 235 134 255
0

6 18 10 3 2 204 158 5 255
0

15 4 12 22 2 52 29 115 255
0

4 4 7 30 2 184 107 80 255
0

1 0 27 9 2 188 145 215 255
0

15 20 5 39 2 171 219 133 255
0

5 1 32 2 2 12 21 202 255
0

14 8 19 10 2 249 134 28 255
0

9 11 29 8 2 201 76 187 255
0

23 5 41 2 2 235 127 41 255
0

5 13 38 17 2 88 36 137 255
0

21 1 17 9 2 56 180 54 255
0

6 23 11 18 2 202 119 148 255
0

17 16 30 1 2 211 154 195 255
0

23 8 28 35 2 114 92 41 255
0

4 16 41 27 2 109 132 60 255
0

1 13 18 34 2 83 235 204 255
0

8 9 39 20 2 111 140 87 255
0

21 2 33 15 2 44 48 105 255
0

7 8 21 35 2 146 46 173 255
0

16 11 33 36 2 70 50 87 255
0

9 21 32 17 2 209 242 69 255
0

16 8 20 2 2 141 79 45 255
0

12 4 25 28 2 1 100 230 255
0

11 6 6 41 2 205 30 234 255
0

23 2 30 20 2 126 117 129 255
0

13 3 30 15 2 251 236 124 255
0

12 17 20 35 2 88 206 251 255
0

7 11 1 16 2 159 75 157 255
0

20 18 1 29 2 251 106 153 255
0

4 1 32 23 2 240 138 77 255
0

1 6 32 6 2 178 120 48 255
0

12 7 20 16 2 105 19 20 255
0

8 2 2 36 2 122 88 211 255
0

0 13 34 4 2 221 109 232 255
0

12 15 17 30 2 155 18 175 255
0

42
18 18 14 23 0 11 16 16 17 22 2 3 16 4 5 19 1 18 2 18 21 13 2 5 13 5 1 22 3 21 21 17 23 1 19 1 11 11 12 6 8 21 19 11 0 22 0 14 6 11 20 6 13 16 13 6 11 20 14 22 18 19 8 19 9 15 15 2 10 11 1 17 20 11 6 0 5 8 22 14 13 12 11 15 
42
5 23 1 10 17 0 17 11 18 13 5 4 19 21 9 4 16 0 15 8 10 14 2 16 4 11 10 23 15 0 3 8 1 23 11 19 22 18 21 3 11 2 18 16 21 14 0 8 11 8 21 15 21 11 3 14 23 13 18 7 13 8 20 0 13 14 5 12 0 2 9 12 21 18 22 5 0 5 8 22 14 15 2 2 
