24 24
........................
...................O...I
...............O........
..I.....................
...I............I.......
..I..........I..........
............OO......OI..
........................
........................
........................
........................
I.....O...OO.......OO...
.......................I
.....................I..
O.......................
.........O..............
.............O..I.......
.O...................I..
.II...............I.....
.....I..O.........O.....
...........O............
...I....O...............
OI............O..I......
..............I.........
31
6 0 9 0 2 110 86 163 255
0

11 13 12 1 2 48 243 175 255
0

5 23 13 6 2 153 8 89 255
0

11 18 5 17 2 28 221 204 255
0

19 21 9 8 2 152 128 239 255
0

8 10 14 0 2 187 42 72 255
0

4 11 2 3 2 191 8 187 255
0

8 1 3 15 2 171 254 194 255
0

21 3 15 18 2 208 115 2 255
0

16 21 2 8 2 56 131 144 255
0

21 15 1 11 2 107 70 255 255
0

13 18 19 13 2 192 60 80 255
0

13 14 13 2 2 141 140 40 255
0

2 9 12 9 2 234 54 245 255
0

0 5 4 18 2 206 39 162 255
0

7 14 4 6 2 186 80 12 255
0

23 7 10 19 2 79 29 83 255
0

11 9 17 16 2 227 168 109 255
0

2 2 6 17 2 146 145 163 255
0

11 1 6 12 2 206 107 118 255
0

6 19 14 16 2 98 118 234 255
0

7 21 18 12 2 251 79 173 255
0

12 21 19 16 2 114 112 134 255
0

23 23 11 1 2 26 193 198 255
0

21 21 14 4 2 108 176 154 255
0

18 15 3 6 2 231 203 52 255
0

17 12 1 19 2 100 246 162 255
0

23 10 10 14 2 163 134 24 255
0

11 4 3 11 2 148 5 247 255
0

2 19 5 1 2 226 187 164 255
0

20 7 19 11 2 62 7 233 255
0

20
21 6 3 4 23 12 18 18 14 23 0 11 16 16 17 22 2 3 16 4 5 19 1 18 2 18 21 13 2 5 13 5 1 22 3 21 21 17 23 1 
20
19 1 11 11 12 6 8 21 19 11 0 22 0 14 6 11 20 6 13 16 13 6 11 20 14 22 18 19 8 19 9 15 15 2 10 11 1 17 20 11 
