32 32
..O..O..................O.......
...................I............
.........I....................O.
............I...........I.I.....
...........#.....O.I............
..................I..I.....O...O
.I.........O.........#.......O..
.O..............................
..........O...I.........IO.O.I.O
.I...........................I..
.........OI....I................
................I..O.I....I.O...
........I....O...............O..
................................
.I..............I....I.......O..
...................O............
...O.........O.......I......O...
................................
...................O............
..I...I....I....O............O..
................................
..O........I............I.......
I...I.........I.................
.I........O...................I.
...............O........O.......
.......I.....O..................
........O.................#.....
...I.........O.....I....OO......
...........I.I.#.....O..........
.............I..................
......I...O..........O......I...
.............O....O..........O..
63
9 28 3 24 2 54 245 64 255
0

21 8 28 26 2 39 162 202 255
0

27 31 20 40 2 46 186 80 255
0

12 15 19 34 2 139 79 29 255
0

19 3 33 13 2 76 227 168 255
0

13 18 32 0 2 21 146 145 255
0

3 11 1 28 2 164 206 107 255
0

22 30 28 30 2 99 34 84 255
0

2 22 6 40 2 109 191 29 255
0

18 20 23 9 2 173 116 173 255
0

7 24 18 40 2 134 199 103 255
0

11 5 30 23 2 198 61 245 255
0

6 28 28 20 2 154 242 23 255
0

15 2 27 3 2 52 169 108 255
0

9 19 16 34 2 162 39 242 255
0

18 30 21 4 2 24 35 108 255
0

7 3 0 13 2 247 128 56 255
0

10 19 9 37 2 226 187 164 255
0

28 15 41 23 2 62 7 233 255
0

30 0 6 6 2 255 147 103 255
0

12 14 34 12 2 198 22 42 255
0

23 3 0 23 2 12 216 55 255
0

4 17 18 27 2 55 203 90 255
0

28 23 0 8 2 45 43 5 255
0

13 1 28 6 2 162 85 187 255
0

30 7 34 29 2 148 144 231 255
0

15 29 32 21 2 84 4 185 255
0

27 4 10 25 2 106 59 58 255
0

22 10 24 26 2 249 93 54 255
0

8 16 30 38 2 142 207 92 255
0

20 2 9 1 2 235 165 98 255
0

27 22 39 34 2 229 235 134 255
0

30 18 10 3 2 204 158 5 255
0

15 4 12 22 2 52 29 115 255
0

12 4 7 30 2 184 107 80 255
0

13 23 16 35 2 215 167 132 255
0

21 21 29 25 2 133 133 121 255
0

16 4 34 39 2 202 174 168 255
0

19 28 35 26 2 28 217 155 255
0

21 18 31 32 2 187 119 93 255
0

13 6 1 37 2 41 165 181 255
0

14 27 8 24 2 137 112 37 255
0

21 9 17 9 2 56 180 54 255
0

30 15 11 18 2 202 119 148 255
0

1 24 30 1 2 211 154 195 255
0

31 16 28 35 2 114 92 41 255
0

20 16 41 27 2 109 132 60 255
0

9 21 18 34 2 83 235 204 255
0

0 17 39 20 2 111 140 87 255
0

29 10 33 15 2 44 48 105 255
0

17 31 36 16 2 173 232 3 255
0

3 30 28 18 2 87 153 109 255
0

17 18 19 12 2 93 64 200 255
0

12 26 35 7 2 45 148 12 255
0

15 16 1 34 2 230 139 142 255
0

2 31 11 16 2 234 55 114 255
0

16 20 12 21 2 129 53 127 255
0

5 19 30 15 2 251 236 124 255
0

18 11 15 37 2 92 121 148 255
0

31 24 36 33 2 119 235 11 255
0

4 31 41 13 2 22 16 228 255
0

18 25 29 17 2 106 153 68 255
0

7 16 38 37 2 193 222 14 255
0

42
30 23 16 11 24 8 1 6 26 3 8 12 21 11 9 2 10 10 21 5 18 5 13 29 1 14 11 21 11 28 29 9 7 25 19 1 19 27 28 30 24 21 11 19 16 14 0 22 6 19 4 22 29 8 21 14 19 4 3 27 6 30 26 11 24 3 1 23 15 10 2 19 1 9 12 3 14 8 21 16 14 22 13 28 
42
13 16 19 15 29 31 9 10 25 8 25 27 2 21 21 28 29 12 27 5 17 4 24 0 15 24 10 30 24 27 10 8 28 11 10 23 31 8 27 8 1 7 19 11 30 2 13 27 19 18 16 19 2 0 21 30 24 24 3 16 13 31 29 19 11 6 31 5 18 31 5 0 28 16 13 25 29 6 29 14 13 12 8 26 
