64 64
................................................................
................................................................
................................................................
........................O.................................I.....
................................................................
..................I..I..........................................
.I..............................................................
................................................................
................................................................
.............................I..................................
................................................................
................I....................................I..........
................................................................
................................................................
.....................O..........................................
................................................................
................................................................
................................................................
................................................................
................................................................
................................................................
...........................................I............O.......
................................O...O...........................
.................................O............................I.
................................................................
.......................................O........................
................................................................
...O............................................................
...........................................I....................
................................................................
................................................................
................................................................
................................................................
...................O............................................
.........................................I......................
................................................................
...........I.......O............................................
................................................................
.....................................................I..........
................................................................
........................I....O..................................
................................................................
..........................................I....O................
..........................................................O.....
........................................I.......................
................................................................
.I..............O...............................................
................................................................
................................................................
................................................................
................................................................
......O....O......................O.............................
................................................................
................................................................
................................................................
................................................................
................................................................
................................................................
..........................................................I.....
...................................................O............
...............................................I................
.............I..................................................
............................O.........O.........................
................................................................
31
1 9 16 7 2 110 200 181 255
0

48 46 18 11 2 219 77 92 255
0

45 48 19 3 2 93 223 41 255
0

10 25 12 17 2 59 2 149 255
0

21 28 9 8 2 219 197 177 255
0

36 24 16 3 2 88 106 254 255
0

24 59 2 0 2 156 203 42 255
0

55 63 0 3 2 168 193 7 255
0

51 43 14 14 2 173 251 211 255
0

50 16 11 2 2 32 213 62 255
0

24 56 19 12 2 141 95 253 255
0

19 43 6 19 2 165 50 63 255
0

37 0 16 12 2 237 57 221 255
0

6 61 2 9 2 140 40 58 255
0

9 60 9 18 2 54 245 64 255
0

53 8 18 14 2 39 162 202 255
0

59 31 10 4 2 46 186 80 255
0

12 15 11 10 2 139 79 29 255
0

19 3 5 17 2 76 227 168 255
0

45 18 18 6 2 21 146 145 255
0

35 43 5 6 2 164 206 107 255
0

54 30 10 14 2 99 34 84 255
0

34 54 6 16 2 109 191 29 255
0

50 20 19 7 2 173 116 173 255
0

7 24 2 0 2 134 199 103 255
0

11 5 6 13 2 198 61 245 255
0

38 60 0 0 2 154 242 23 255
0

15 34 11 11 2 52 169 108 255
0

41 19 8 14 2 162 39 242 255
0

50 62 7 14 2 24 35 108 255
0

7 3 0 1 2 247 128 56 255
0

20
53 38 11 36 47 60 58 58 62 23 16 11 24 40 1 6 58 3 40 44 53 11 41 34 42 42 21 5 18 5 13 61 1 46 43 21 43 28 29 9 
20
39 25 19 33 51 59 28 62 56 21 11 51 16 46 32 22 6 51 36 22 29 40 21 14 19 36 3 27 38 62 58 43 24 3 33 23 47 42 34 51 
