24 24
........................
........................
........................
........................
...I....................
........................
.....................I..
........................
........................
........................
........................
O.......................
.......................I
........................
........................
........................
................O.......
........................
..................I.....
........................
........................
........................
.................O......
..............O.........
7
2 3 0 0 2 53 203 169 255
0

18 2 2 1 2 197 82 5 255
0

13 5 1 2 2 171 21 43 255
0

4 21 1 3 2 25 147 97 255
0

11 11 0 2 2 248 21 203 255
0

11 0 2 0 2 150 6 51 255
0

20 6 1 0 2 21 78 211 255
0

4
21 6 3 4 23 12 18 18 
4
14 23 0 11 16 16 17 22 
