16 16
.....O..........
...I............
.........I......
..O...O.O.IOO...
...O.......#....
..I..I..I..I....
OI..O#........O.
.O............I.
........I....OO.
.O.....I.....I..
..........#....O
I..I.I....O.....
........I..I.O.#
.............I..
OI...OO.....I...
................
32
13 0 19 3 2 93 223 41 255
0

10 9 12 17 2 59 2 149 255
0

5 12 9 8 2 219 197 177 255
0

4 8 16 3 2 88 106 254 255
0

8 11 2 0 2 156 203 42 255
0

7 15 0 3 2 168 193 7 255
0

14 2 9 3 2 211 50 208 255
0

3 2 12 17 2 62 88 56 255
0

3 0 9 19 2 253 147 107 255
0

6 15 1 6 2 63 101 192 255
0

12 0 17 1 2 221 134 61 255
0

14 13 16 12 2 58 73 124 255
0

13 10 10 1 2 64 117 136 255
0

14 14 7 14 2 202 251 31 255
0

14 12 6 2 2 80 12 207 255
0

15 6 19 3 2 29 83 3 255
0

9 1 16 7 2 168 109 210 255
0

5 2 13 7 2 235 137 126 255
0

4 14 15 6 2 30 126 70 255
0

4 2 18 6 2 48 109 191 255
0

13 2 12 19 2 79 173 116 255
0

13 7 16 2 2 112 134 199 255
0

7 11 1 6 2 193 198 61 255
0

12 12 0 2 2 242 23 207 255
0

2 7 11 4 2 169 108 41 255
0

6 2 7 14 2 178 126 163 255
0

6 8 19 4 2 71 195 148 255
0

5 7 8 4 2 202 211 165 255
0

12 15 19 11 2 62 7 233 255
0

14 0 4 12 2 255 147 103 255
0

8 10 6 14 2 42 151 67 255
0

6 11 12 0 2 55 68 81 255
0

20
14 7 0 11 8 8 1 6 10 3 8 12 5 11 9 2 5 5 2 5 13 13 1 14 11 5 11 12 13 9 7 9 3 1 3 11 12 14 8 5 
20
11 3 0 14 0 6 6 3 4 6 13 8 5 14 3 4 6 14 10 11 8 3 1 7 15 10 2 3 1 9 12 3 14 8 5 0 14 6 13 12 
