24 24
......O.................
...................I...I
...............O........
..I.....................
...#............I.......
..I..........I..........
............IO......O#..
........................
.....O..................
........................
........................
I.....O...OI.......OO...
.............O.........#
.....................I..
O.....................O.
.........O..............
.............O..I.......
.O...................I..
.II...............#.....
.....I..O.........O.....
...........O............
...I....I...............
OI............O..I......
..............I.........
31
11 15 17 11 2 41 138 153 255
0

0 17 11 2 2 149 149 28 255
0

5 4 3 17 2 177 36 152 255
0

0 15 8 10 2 254 216 187 255
0

2 16 4 11 2 42 247 191 255
0

0 3 16 5 2 7 243 171 255
0

22 18 9 3 2 211 50 208 255
0

11 18 12 17 2 62 88 56 255
0

11 8 9 19 2 253 147 107 255
0

13 18 19 13 2 192 60 80 255
0

13 14 13 2 2 141 140 40 255
0

2 9 12 9 2 234 54 245 255
0

0 5 4 18 2 206 39 162 255
0

7 14 4 6 2 186 80 12 255
0

23 7 10 19 2 79 29 83 255
0

11 9 17 16 2 227 168 109 255
0

2 2 6 17 2 146 145 163 255
0

11 1 6 12 2 206 107 118 255
0

6 19 14 16 2 98 118 234 255
0

16 21 3 13 2 178 212 251 255
0

15 5 4 17 2 199 216 114 255
0

16 14 11 15 2 139 133 26 255
0

17 14 17 17 2 102 124 108 255
0

8 2 6 15 2 207 34 231 255
0

3 12 5 4 2 41 147 100 255
0

22 2 7 14 2 178 126 163 255
0

22 8 19 4 2 71 195 148 255
0

13 15 8 4 2 202 211 165 255
0

13 10 15 0 2 252 111 147 255
0

23 22 15 5 2 190 64 104 255
0

0 23 11 11 2 44 78 8 255
0

20
14 23 0 11 16 16 17 22 2 3 16 4 5 19 1 18 2 18 21 13 2 5 13 5 1 22 3 21 21 17 23 1 19 1 11 11 12 6 8 21 
20
19 11 0 22 0 14 6 11 20 6 13 16 13 6 11 20 14 22 18 19 8 19 9 15 15 2 10 11 1 17 20 11 6 0 5 8 22 14 13 12 
