16 16
................
................
.........O......
..........I.....
...........I....
..O..O.....O....
.I...I..........
..............I.
........I.......
.......O.....O..
..........I.....
I....O..........
........I..O...I
.............O..
.O..............
................
16
3 1 7 7 2 28 62 248 255
0

3 0 8 2 2 150 6 51 255
0

4 6 5 2 2 21 78 211 255
0

4 3 9 8 2 126 122 43 255
0

8 3 3 1 2 239 42 98 255
0

9 12 7 0 2 200 181 48 255
0

14 6 1 5 2 77 92 237 255
0

0 3 3 7 2 223 41 138 255
0

9 8 7 1 2 2 149 149 255
0

12 13 8 3 2 197 177 36 255
0

8 0 3 8 2 106 254 216 255
0

11 10 0 4 2 203 42 247 255
0

15 8 3 6 2 193 7 243 255
0

11 14 4 9 2 251 211 50 255
0

2 0 7 2 2 88 56 131 255
0

0 13 9 1 2 147 107 70 255
0

10
5 6 11 4 15 12 10 10 14 7 0 11 8 8 1 6 10 3 8 12 
10
5 11 9 2 5 5 2 5 13 13 1 14 11 5 11 12 13 9 7 9 
