32 32
................................
................................
.........O......................
..........................O.....
...........#....................
................................
.I...................#..........
................................
........................I.......
................................
................................
................I....O..........
........O.......................
................................
................................
................................
................................
................................
................................
................................
................................
................................
................................
..............................I.
................................
................................
..........................#.....
................................
...............#................
................................
................................
................................
8
10 10 1 1 2 82 5 205 255
0

29 1 2 3 2 21 43 156 255
0

29 9 3 1 2 147 97 179 255
0

27 28 2 0 2 21 203 179 255
0

16 14 0 2 2 6 51 36 255
0

22 29 0 1 2 78 211 100 255
0

3 27 2 2 2 122 43 152 255
0

3 1 3 3 2 42 98 51 255
0

4
30 23 16 11 24 8 1 6 
4
26 3 8 12 21 11 9 2 
