24 24
........................
........................
........................
..I.....................
...#............I.......
........................
.....................#..
........................
........................
........................
........................
#.......................
.......................#
.....................O..
........................
........................
................I.......
........................
.OO...............#.....
.....O..................
........................
........................
.................I......
..............#.........
7
2 5 1 1 2 65 174 171 255
0

21 3 0 1 2 73 39 25 255
0

19 1 3 3 2 28 62 248 255
0

21 19 3 0 2 46 96 150 255
0

6 11 0 2 2 93 232 21 255
0

20 19 3 2 2 126 122 43 255
0

8 19 1 3 2 239 42 98 255
0

4
16 16 17 22 2 3 16 4 
4
5 19 1 18 2 18 21 13 
