16 16
................
...O............
.........I......
..........I.....
...........#....
..O..O.....O....
.I...#..........
..............I.
........I.......
.......O.....O..
..........I.....
I..O.I..........
........I..O...I
.............O..
.O..............
................
16
12 14 8 1 2 203 179 80 255
0

14 0 8 4 2 51 36 22 255
0

13 8 9 2 2 211 100 67 255
0

11 6 0 8 2 43 152 131 255
0

1 7 1 2 2 98 51 193 255
0

9 12 7 0 2 200 181 48 255
0

14 6 1 5 2 77 92 237 255
0

0 3 3 7 2 223 41 138 255
0

9 8 7 1 2 2 149 149 255
0

12 13 8 3 2 197 177 36 255
0

8 0 3 8 2 106 254 216 255
0

11 10 0 4 2 203 42 247 255
0

15 8 3 6 2 193 7 243 255
0

11 14 4 9 2 251 211 50 255
0

2 0 7 2 2 88 56 131 255
0

0 13 9 1 2 147 107 70 255
0

10
15 12 10 10 14 7 0 11 8 8 1 6 10 3 8 12 5 11 9 2 
10
5 5 2 5 13 13 1 14 11 5 11 12 13 9 7 9 3 1 3 11 
