16 16
................
...O............
.........I......
..........I.....
...........#....
..I..I..O..O....
.I...#..........
..............I.
........I.......
.......O.....O..
..........#.....
I..O.I..........
........I..O...#
.............O..
.O..........O...
................
15
11 3 4 8 2 96 150 6 255
0

3 4 6 5 2 232 21 78 255
0

6 14 8 9 2 152 131 33 255
0

7 15 2 0 2 51 193 201 255
0

12 3 0 6 2 181 48 110 255
0

6 3 5 9 2 92 237 48 255
0

3 15 7 1 2 41 138 153 255
0

8 9 1 2 2 149 149 28 255
0

13 12 3 7 2 177 36 152 255
0

0 15 8 0 2 254 216 187 255
0

10 8 4 1 2 42 247 191 255
0

8 11 6 5 2 7 243 171 255
0

14 2 9 3 2 211 50 208 255
0

3 2 2 7 2 62 88 56 255
0

3 0 9 9 2 253 147 107 255
0

10
14 7 0 11 8 8 1 6 10 3 8 12 5 11 9 2 5 5 2 5 
10
13 13 1 14 11 5 11 12 13 9 7 9 3 1 3 11 12 14 8 5 
