32 32
..O..O..................O.......
...................I............
.........I....................O.
............I...........I.I.....
...........#.....O.I............
..................I..I.....O...O
.I.........O.........#.......O..
.O..............................
..........O...I.........IO.O.I.O
.I...........................I..
.........OI..O.I................
................#..O.I....I.O...
........I....O...............O..
................................
.I..............I....I.......O..
...................I............
...O.........I.......I......O...
................................
...................O............
..I...I....I....O............O..
................................
..O........I............I.......
I...I.........I.................
.I........O...................#.
...............O........O.......
.......I.....O..................
........O.................#.....
...I.........O.....I....OO......
.........O.I.I.#.....O..........
.............I..................
......I...O..........O......I...
.............O....O..........O..
64
22 21 0 23 2 136 110 206 255
0

7 2 2 15 2 31 126 44 255
0

14 26 4 12 2 207 79 102 255
0

11 15 41 25 2 3 105 129 255
0

8 13 38 32 2 42 21 146 255
0

17 3 41 1 2 126 164 206 255
0

11 22 32 28 2 70 99 34 255
0

20 2 0 6 2 48 109 191 255
0

29 18 12 23 2 79 173 116 255
0

13 7 40 18 2 112 134 199 255
0

7 11 1 30 2 193 198 61 255
0

28 12 20 8 2 242 23 207 255
0

2 7 3 24 2 169 108 41 255
0

22 2 17 40 2 178 126 163 255
0

6 24 11 4 2 71 195 148 255
0

5 23 40 16 2 202 211 165 255
0

29 2 19 40 2 252 111 147 255
0

31 30 13 37 2 190 64 104 255
0

24 31 37 41 2 44 78 8 255
0

10 6 32 6 2 151 67 150 255
0

11 12 18 37 2 68 81 128 255
0

29 23 7 14 2 252 151 242 255
0

12 13 41 23 2 237 1 206 255
0

28 2 23 37 2 190 7 102 255
0

7 20 14 3 2 111 221 112 255
0

17 20 2 41 2 123 4 176 255
0

5 10 11 14 2 214 106 234 255
0

4 25 1 18 2 72 48 84 255
0

4 14 33 10 2 52 226 39 255
0

27 11 35 18 2 155 22 227 255
0

14 5 41 34 2 158 210 50 255
0

9 12 34 7 2 239 196 190 255
0

20 20 9 31 2 172 4 233 255
0

0 24 37 10 2 217 8 205 255
0

23 28 35 7 2 167 132 117 255
0

5 25 32 2 2 12 21 202 255
0

19 28 35 26 2 28 217 155 255
0

21 18 31 32 2 187 119 93 255
0

13 6 1 37 2 41 165 181 255
0

14 27 8 24 2 137 112 37 255
0

21 9 17 9 2 56 180 54 255
0

30 15 11 18 2 202 119 148 255
0

1 24 30 1 2 211 154 195 255
0

31 16 28 35 2 114 92 41 255
0

20 16 41 27 2 109 132 60 255
0

9 21 18 34 2 83 235 204 255
0

0 17 39 20 2 111 140 87 255
0

29 10 33 15 2 44 48 105 255
0

17 31 36 16 2 173 232 3 255
0

3 30 28 18 2 87 153 109 255
0

17 18 19 12 2 93 64 200 255
0

12 26 35 7 2 45 148 12 255
0

15 16 1 34 2 230 139 142 255
0

2 31 11 16 2 234 55 114 255
0

16 20 12 21 2 129 53 127 255
0

5 19 30 15 2 251 236 124 255
0

18 11 15 37 2 92 121 148 255
0

31 24 36 33 2 119 235 11 255
0

4 31 41 13 2 22 16 228 255
0

18 25 29 17 2 106 153 68 255
0

7 16 38 37 2 193 222 14 255
0

20 18 2 26 2 32 125 143 255
0

13 4 14 6 2 183 0 242 255
0

9 19 24 28 2 160 0 210 255
0

42
24 8 1 6 26 3 8 12 21 11 9 2 10 10 21 5 18 5 13 29 1 14 11 21 11 28 29 9 7 25 19 1 19 27 28 30 24 21 11 19 16 14 0 22 6 19 4 22 29 8 21 14 19 4 3 27 6 30 26 11 24 3 1 23 15 10 2 19 1 9 12 3 14 8 21 16 14 22 13 28 13 16 19 15 
42
29 31 9 10 25 8 25 27 2 21 21 28 29 12 27 5 17 4 24 0 15 24 10 30 24 27 10 8 28 11 10 23 31 8 27 8 1 7 19 11 30 2 13 27 19 18 16 19 2 0 21 30 24 24 3 16 13 31 29 19 11 6 31 5 18 31 5 0 28 16 13 25 29 6 29 14 13 12 8 26 9 28 13 10 
