64 64
................................................................
................................................................
................................................................
..........................................................I.....
................................................................
..................O..I..........................................
.I..............................................................
................................................................
................................................................
.............................O..................................
................................................................
................I....................................I..........
................................................................
................................................................
................................................................
................................................................
................................................................
................................................................
................................................................
................................................................
................................................................
...........................................O....................
................................................................
..............................................................I.
................................................................
.......................................O........................
................................................................
................................................................
...........................................O....................
................................................................
................................................................
................................................................
................................................................
...................O............................................
.........................................I......................
................................................................
...........#....................................................
................................................................
.....................................................#..........
................................................................
........................I.......................................
................................................................
..........................................I.....................
................................................................
........................................I.......................
................................................................
.O..............................................................
................................................................
................................................................
................................................................
................................................................
................................................................
................................................................
................................................................
................................................................
................................................................
................................................................
................................................................
..........................................................#.....
...................................................O............
...............................................#................
.............O..................................................
............................O...................................
................................................................
16
56 21 5 5 2 80 46 96 255
0

22 6 1 6 2 22 93 232 255
0

21 14 7 6 2 67 27 166 255
0

62 58 9 0 2 131 33 87 255
0

47 42 0 3 2 193 201 140 255
0

35 46 6 9 2 48 110 86 255
0

35 27 9 2 2 237 48 243 255
0

47 29 1 3 2 138 153 8 255
0

25 59 2 5 2 149 28 221 255
0

12 27 7 9 2 36 152 128 255
0

47 24 0 4 2 216 187 42 255
0

8 28 1 2 2 247 191 8 255
0

59 40 5 3 2 243 171 254 255
0

2 45 3 5 2 50 208 115 255
0

2 32 7 2 2 88 56 131 255
0

16 13 9 1 2 147 107 70 255
0

10
62 23 16 11 24 40 1 6 58 3 40 44 53 11 41 34 42 42 21 5 
10
18 5 13 61 1 46 43 21 43 28 29 9 39 25 19 33 51 59 28 62 
