24 24
........................
...................O...O
........................
..I.....................
...#............I.......
..I..........I..........
............O........#..
........................
........................
........................
........................
#..........O.......O....
.......................#
.....................I..
........................
........................
................I.......
.....................O..
.II...............#.....
.....I..................
........................
...O....O...............
OO...............I......
..............#.........
16
0 14 4 1 2 36 22 93 255
0

16 13 2 7 2 100 67 27 255
0

14 22 8 9 2 152 131 33 255
0

15 15 2 0 2 51 193 201 255
0

20 11 0 6 2 181 48 110 255
0

14 11 5 9 2 92 237 48 255
0

11 15 7 1 2 41 138 153 255
0

0 17 1 2 2 149 149 28 255
0

5 4 3 7 2 177 36 152 255
0

0 15 8 0 2 254 216 187 255
0

2 16 4 1 2 42 247 191 255
0

0 3 6 5 2 7 243 171 255
0

22 18 9 3 2 211 50 208 255
0

11 18 2 7 2 62 88 56 255
0

11 8 9 9 2 253 147 107 255
0

13 18 9 3 2 192 60 80 255
0

10
16 16 17 22 2 3 16 4 5 19 1 18 2 18 21 13 2 5 13 5 
10
1 22 3 21 21 17 23 1 19 1 11 11 12 6 8 21 19 11 0 22 
