24 24
........................
........................
........................
..O.....................
...#............O.......
........................
.....................#..
........................
........................
........................
........................
I.......................
.......................#
........................
........................
........................
................I.......
........................
..................I.....
.....O..................
........................
........................
.................O......
..............I.........
7
1 18 2 2 2 149 197 82 255
0

5 13 1 1 2 174 171 21 255
0

21 17 3 1 2 147 97 179 255
0

11 12 2 0 2 21 203 179 255
0

0 22 0 2 2 6 51 36 255
0

6 13 0 1 2 78 211 100 255
0

19 11 2 2 2 122 43 152 255
0

4
18 18 14 23 0 11 16 16 
4
17 22 2 3 16 4 5 19 
