16 16
..OO.I..O...OI..
...I............
...O.....I....O.
O.IO..I.I.IIIO..
.O.I.......#....
O.I..IO.I..I...O
II..I#.....O.OI.
.I........O...I.
........IOOO.IIO
.I.....I.....I..
..O.....OO#..OOI
I..I.IO.OOI.OO..
O....O..IO.I.IO#
.............I.O
II...II.O.O.IO..
..OI.......O.O.O
63
9 1 0 1 2 168 109 210 255
0

5 2 33 17 2 235 137 126 255
0

4 14 19 30 2 30 126 70 255
0

4 2 0 6 2 48 109 191 255
0

13 2 12 23 2 79 173 116 255
0

13 7 40 18 2 112 134 199 255
0

7 11 1 30 2 193 198 61 255
0

12 12 20 8 2 242 23 207 255
0

2 7 3 24 2 169 108 41 255
0

6 2 17 40 2 178 126 163 255
0

6 8 11 4 2 71 195 148 255
0

5 7 40 16 2 202 211 165 255
0

12 15 41 23 2 62 7 233 255
0

14 0 6 6 2 255 147 103 255
0

6 6 6 29 2 67 150 11 255
0

12 8 37 2 2 81 128 29 255
0

10 12 17 0 2 76 45 43 255
0

5 13 9 28 2 252 162 85 255
0

11 14 3 34 2 7 148 144 255
0

7 15 31 32 2 81 84 4 255
0

4 0 25 18 2 59 58 214 255
0

4 9 1 18 2 72 48 84 255
0

2 11 4 39 2 174 229 235 255
0

2 2 3 30 2 158 5 239 255
0

4 4 9 31 2 172 4 233 255
0

0 8 37 10 2 217 8 205 255
0

7 12 35 7 2 167 132 117 255
0

5 9 32 2 2 12 21 202 255
0

3 12 35 26 2 28 217 155 255
0

11 7 29 41 2 198 235 127 255
0

9 5 13 38 2 59 88 36 255
0

9 0 21 33 2 41 207 141 255
0

8 4 40 12 2 47 175 230 255
0

4 1 16 30 2 37 211 154 255
0

12 9 16 28 2 209 161 109 255
0

4 12 19 1 2 38 232 83 255
0

0 1 39 20 2 111 140 87 255
0

9 7 24 24 2 105 223 80 255
0

1 15 36 16 2 173 232 3 255
0

3 14 28 18 2 87 153 109 255
0

1 2 19 12 2 93 64 200 255
0

12 10 35 7 2 45 148 12 255
0

15 0 1 34 2 230 139 142 255
0

5 1 21 35 2 165 147 90 255
0

1 1 36 41 2 148 159 88 255
0

14 11 13 41 2 11 164 159 255
0

11 13 26 26 2 228 82 185 255
0

1 11 30 25 2 68 145 242 255
0

7 0 38 37 2 193 222 14 255
0

0 13 17 13 2 228 150 76 255
0

2 9 41 24 2 128 160 0 255
0

2 8 36 30 2 88 211 208 255
0

10 13 15 36 2 100 215 181 255
0

9 4 35 34 2 167 212 100 255
0

7 5 3 36 2 197 213 57 255
0

15 7 32 28 2 158 177 164 255
0

0 15 11 28 2 87 9 227 255
0

1 12 20 27 2 234 221 245 255
0

1 13 14 11 2 233 252 203 255
0

9 13 17 0 2 50 219 15 255
0

11 2 6 1 2 130 154 28 255
0

10 5 34 39 2 183 16 7 255
0

14 4 30 23 2 102 78 62 255
0

42
14 7 0 11 8 8 1 6 10 3 8 12 5 11 9 2 5 5 2 5 13 13 1 14 11 5 11 12 13 9 7 9 3 1 3 11 12 14 8 5 11 3 0 14 0 6 6 3 4 6 13 8 5 14 3 4 6 14 10 11 8 3 1 7 15 10 2 3 1 9 12 3 14 8 5 0 14 6 13 12 13 0 3 15 
42
13 15 9 10 9 8 9 11 5 12 1 4 8 0 15 8 10 14 8 11 10 8 12 11 10 7 11 8 14 2 13 11 3 2 0 3 2 0 3 0 13 3 11 6 15 5 2 15 12 0 13 6 13 14 8 10 9 12 13 10 6 5 0 5 8 14 2 10 11 15 14 12 14 10 0 12 15 15 6 11 15 13 3 3 
