24 24
........................
...................O...O
........................
..I.....................
...#............I.......
..O..........O..........
............O........#..
........................
........................
........................
........................
I..........O............
.......................#
.....................O..
........................
........................
................I.......
.....................O..
.II...............I.....
.....I..................
........................
...O....................
.O...............I......
..............I.........
15
8 21 5 5 2 80 46 96 255
0

14 6 1 6 2 22 93 232 255
0

13 6 7 6 2 67 27 166 255
0

22 18 9 0 2 131 33 87 255
0

15 2 0 3 2 193 201 140 255
0

11 6 6 9 2 48 110 86 255
0

13 12 1 6 2 243 175 93 255
0

10 17 2 7 2 59 2 149 255
0

5 4 3 7 2 177 36 152 255
0

0 15 8 0 2 254 216 187 255
0

2 16 4 1 2 42 247 191 255
0

0 3 6 5 2 7 243 171 255
0

21 3 5 8 2 208 115 2 255
0

16 21 2 8 2 56 131 144 255
0

21 15 1 1 2 107 70 255 255
0

10
18 18 14 23 0 11 16 16 17 22 2 3 16 4 5 19 1 18 2 18 
10
21 13 2 5 13 5 1 22 3 21 21 17 23 1 19 1 11 11 12 6 
