64 64
................................................................
................................................................
................................................................
........................O.................................I.....
................................................................
..................I..I..........................................
.#..............................................................
................................................................
..............................................O.................
.O...........................I..................................
................................................................
................#....................................I..........
................................................................
................................................................
.....................O..........................................
................................................................
................................................................
................................................................
................................................................
................................................................
................................................................
...........................................I............I.......
................................I...O.........O.................
.................................O............................#.
................................................................
.......................................I........................
................................................................
...O...............................O............................
.............O.............................I....................
................................................................
................................................................
................................................................
................................................................
...................I............................................
.........................................I......................
............O...................................................
...........#.......O............................................
................................................................
.....................................................#..........
................................................................
........................#....O..................................
................................................................
..........................................I....O................
..........................................................O.....
........................................I.......................
................................................................
.I..............I...............................................
................................................................
.............................................O.......O..........
................................................................
................................................................
......O....I......................O.............................
................................................................
................................................................
................................................................
................................................................
................................................................
................................................................
..........................................................#.....
...................................................I............
...............................................#................
.............I..................................................
............................I.........O.........................
................................................................
31
51 47 17 11 2 41 138 153 255
0

8 25 11 2 2 149 149 28 255
0

29 12 3 17 2 177 36 152 255
0

0 47 8 10 2 254 216 187 255
0

42 8 4 11 2 42 247 191 255
0

8 59 16 5 2 7 243 171 255
0

62 2 9 3 2 211 50 208 255
0

51 2 12 17 2 62 88 56 255
0

3 16 9 19 2 253 147 107 255
0

6 63 1 6 2 63 101 192 255
0

60 16 17 1 2 221 134 61 255
0

46 13 16 12 2 58 73 124 255
0

45 42 10 1 2 64 117 136 255
0

46 14 7 14 2 202 251 31 255
0

62 44 6 2 2 80 12 207 255
0

15 38 19 3 2 29 83 3 255
0

41 1 16 7 2 168 109 210 255
0

58 42 17 2 2 145 163 235 255
0

9 62 12 2 2 107 118 30 255
0

62 6 3 14 2 84 98 118 255
0

42 48 13 3 2 29 178 212 255
0

59 15 17 4 2 173 199 216 255
0

50 48 10 11 2 103 139 133 255
0

26 1 18 17 2 245 102 124 255
0

44 48 2 6 2 23 207 34 255
0

39 11 4 5 2 108 41 147 255
0

36 54 14 7 2 242 178 126 255
0

35 6 4 19 2 108 71 195 255
0

20 5 7 8 2 56 202 211 255
0

37 29 6 15 2 164 252 111 255
0

19 31 14 15 2 233 190 64 255
0

20
58 3 40 44 53 11 41 34 42 42 21 5 18 5 13 61 1 46 43 21 43 28 29 9 39 25 19 33 51 59 28 62 56 21 11 51 16 46 32 22 
20
6 51 36 22 29 40 21 14 19 36 3 27 38 62 58 43 24 3 33 23 47 42 34 51 1 9 12 35 46 8 53 48 46 22 35 27 13 28 45 48 
