32 32
................................
................................
.........O......................
..........................I.....
...........I....................
..................O..O..........
.I...................I..........
................................
........................I.......
.............................O..
..........O.....................
................I....O..........
........I.......................
................................
.O..............................
................................
................................
................................
................................
................................
................................
...........O....................
................................
..............................I.
................................
................................
..........................I.....
................................
...........O...I................
.............O..................
................................
................................
16
7 25 1 7 2 179 59 28 255
0

30 24 1 5 2 179 80 46 255
0

0 22 4 1 2 36 22 93 255
0

8 21 2 7 2 100 67 27 255
0

6 30 8 9 2 152 131 33 255
0

23 15 2 0 2 51 193 201 255
0

12 3 0 6 2 181 48 110 255
0

22 3 5 9 2 92 237 48 255
0

19 15 7 1 2 41 138 153 255
0

8 25 1 2 2 149 149 28 255
0

29 12 3 7 2 177 36 152 255
0

0 15 8 0 2 254 216 187 255
0

10 8 4 1 2 42 247 191 255
0

8 27 6 5 2 7 243 171 255
0

30 2 9 3 2 211 50 208 255
0

19 2 2 7 2 62 88 56 255
0

10
21 6 11 4 15 28 26 26 30 23 16 11 24 8 1 6 26 3 8 12 
10
21 11 9 2 10 10 21 5 18 5 13 29 1 14 11 21 11 28 29 9 
