32 32
................................
...................O............
.........I......................
..........................I.....
...........#....................
..................I..I..........
.I...................#..........
................................
........................I.......
.............................O..
..........I.....................
................#....I..........
........I.......................
................................
.O..............................
................................
................................
................................
................................
...........O....................
................................
...........O............O.......
................................
..............................#.
................................
.......O........................
..........................#.....
...................O............
...........O...#................
.............I..................
............................O...
................................
16
16 14 2 8 2 6 51 36 255
0

22 29 2 9 2 78 211 100 255
0

3 27 8 0 2 122 43 152 255
0

3 1 1 1 2 42 98 51 255
0

1 9 6 7 2 110 200 181 255
0

22 3 5 9 2 92 237 48 255
0

19 15 7 1 2 41 138 153 255
0

8 25 1 2 2 149 149 28 255
0

29 12 3 7 2 177 36 152 255
0

0 15 8 0 2 254 216 187 255
0

10 8 4 1 2 42 247 191 255
0

8 27 6 5 2 7 243 171 255
0

30 2 9 3 2 211 50 208 255
0

19 2 2 7 2 62 88 56 255
0

3 16 9 9 2 253 147 107 255
0

6 31 1 6 2 63 101 192 255
0

10
24 8 1 6 26 3 8 12 21 11 9 2 10 10 21 5 18 5 13 29 
10
1 14 11 21 11 28 29 9 7 25 19 1 19 27 28 30 24 21 11 19 
