64 64
................................................................
................................................................
................................................................
..........................................................I.....
................................................................
..................I..I..........................................
.#..............................................................
................................................................
................................................................
.............................O..................................
................................................................
................#....................................I..........
................................................................
................................................................
................................................................
................................................................
................................................................
................................................................
................................................................
................................................................
................................................................
...........................................I............O.......
................................O...............................
..............................................................#.
................................................................
.......................................O........................
................................................................
................................................................
...........................................O....................
................................................................
................................................................
................................................................
................................................................
...................O............................................
.........................................I......................
................................................................
...........#....................................................
................................................................
.....................................................#..........
................................................................
........................#.......................................
................................................................
..........................................I.....................
................................................................
........................................I.......................
................................................................
.I..............O...............................................
................................................................
................................................................
................................................................
................................................................
...........O....................................................
................................................................
................................................................
................................................................
................................................................
................................................................
................................................................
..........................................................#.....
...................................................O............
...............................................#................
.............I..................................................
............................O...................................
................................................................
15
6 51 6 6 2 93 232 21 255
0

14 19 6 3 2 27 166 126 255
0

58 43 0 7 2 33 87 239 255
0

42 34 3 9 2 201 140 227 255
0

46 8 9 0 2 110 86 163 255
0

27 13 2 1 2 48 243 175 255
0

29 31 3 6 2 153 8 89 255
0

59 2 5 7 2 28 221 204 255
0

27 5 9 8 2 152 128 239 255
0

24 42 4 0 2 187 42 72 255
0

28 11 2 3 2 191 8 187 255
0

40 1 3 5 2 171 254 194 255
0

45 59 5 8 2 208 115 2 255
0

32 21 2 8 2 56 131 144 255
0

13 31 1 1 2 107 70 255 255
0

10
58 3 40 44 53 11 41 34 42 42 21 5 18 5 13 61 1 46 43 21 
10
43 28 29 9 39 25 19 33 51 59 28 62 56 21 11 51 16 46 32 22 
