16 16
................
................
................
..........O.....
...........#....
................
.O...#..........
..............I.
........I.......
................
..........I.....
I....O..........
........O......#
................
................
................
8
9 2 2 2 2 149 197 82 255
0

5 13 1 1 2 174 171 21 255
0

11 12 1 1 2 39 25 147 255
0

1 3 3 0 2 62 248 21 255
0

11 3 0 2 2 96 150 6 255
0

3 4 2 1 2 232 21 78 255
0

3 11 2 2 2 122 43 152 255
0

3 1 3 3 2 42 98 51 255
0

4
10 10 14 7 0 11 8 8 
4
1 6 10 3 8 12 5 11 
